2.722290730000000103e+00 -1.617369730000000061e+00
-2.853080670000000207e+00 3.199188959999999859e+00
7.961851829999999630e-01 2.948007490000000175e+00
1.480567469999999997e+00 -2.564898700000000087e+00
2.136654109999999829e+00 -2.165656719999999869e+00
4.081739449999999825e-01 -3.534988219999999903e-01
-2.171175729999999859e+00 7.274312699999999632e-01
-1.274900780000000067e-01 -5.320953199999999689e-02
-2.047174410000000222e+00 3.214945489999999850e+00
3.667372299999999807e+00 1.655721489999999907e+00
3.097539760000000086e+00 2.223317719999999831e+00
-1.302033030000000036e+00 1.487953429999999910e+00
3.629840629999999901e+00 -1.525421539999999965e+00
-2.123234749999999948e+00 -2.270895490000000017e+00
-3.137386470000000038e+00 -1.382063419999999931e+00
-3.084389219999999820e+00 2.101677159999999933e+00
4.020554150000000271e-01 3.036714669999999838e+00
-8.559473939999999725e-01 -5.291683169999999992e-01
2.047417300000000218e+00 1.672487639999999942e+00
-8.361331720000000356e-01 -3.119707539999999835e+00
2.526506369999999890e+00 3.137312510000000110e+00
3.351155939999999944e+00 3.983040869999999734e-01
3.047672200000000053e+00 -3.286971750000000192e+00
-1.015871500000000011e-01 2.965335529999999942e+00
-3.358905739999999973e+00 -3.598477690000000173e+00
9.094746240000000093e-01 3.183149339999999938e+00
3.266863429999999902e+00 5.284609670000000037e-01
1.201075179999999909e+00 7.678749700000000455e-01
3.423261909999999908e+00 2.906517220000000012e+00
-2.367819859999999998e+00 -3.192954499999999918e+00
-2.682847049999999900e+00 -3.543089779999999855e+00
-1.676986139999999903e+00 -1.531791359999999935e-01
4.093152899999999983e-01 4.979122970000000037e-01
1.410432600000000036e+00 3.803019819999999829e+00
-2.876132179999999927e+00 3.052517429999999976e+00
-3.457841870000000206e+00 -1.197313040000000051e+00
5.829089170000000264e-01 -3.612861119999999815e+00
1.538107090000000010e+00 -6.351157640000000271e-01
4.982517590000000163e-01 1.750310330000000025e+00
3.120050480000000181e+00 3.740839520000000196e+00
1.569600679999999970e+00 3.063338149999999871e+00
1.951909399999999906e+00 3.949452180000000201e+00
7.479758220000000124e-01 1.921059550000000060e+00
2.256992040000000088e+00 5.741012199999999677e-01
3.617048919999999779e+00 1.668803169999999891e+00
-3.897472679999999912e+00 2.758195610000000020e+00
2.531256720000000238e-01 -9.548095920000000403e-01
9.333520400000000494e-01 3.132979339999999890e+00
-2.794983419999999885e+00 -3.760778170000000031e+00
2.801608830000000161e+00 1.170847310000000085e+00
1.487086310000000022e+00 3.189538230000000141e+00
-5.128735909999999620e-01 7.344012909999999561e-01
-3.471249310000000143e+00 2.699121199999999998e+00
4.383568790000000326e-03 2.791934139999999953e+00
-3.800923309999999944e+00 -2.247769699999999926e-01
-1.197963319999999943e+00 -3.234054009999999924e+00
-2.099406530000000048e-01 1.364086789999999993e+00
-3.865061069999999877e+00 7.748186249999999831e-01
7.197318789999999911e-02 1.659611519999999896e+00
7.535139610000000099e-01 4.939032030000000129e-01
1.334260989999999980e+00 -3.530179210000000012e+00
2.038331620000000122e+00 -3.119498820000000006e+00
1.399683950000000010e+00 3.553340770000000148e+00
-4.541282950000000151e-01 -3.752703320000000176e+00
-3.598358319999999999e+00 2.619553960000000181e+00
-3.298565609999999815e+00 4.948614450000000248e-02
2.177270979999999856e+00 -1.469114179999999985e-02
-2.845388680000000114e+00 -3.214820329999999782e+00
-2.289181230000000011e-01 9.888242940000000480e-01
-3.245219440000000066e-01 -3.463152790000000092e+00
9.338537279999999940e-01 3.106804359999999932e+00
-3.405475219999999914e-01 -4.749392709999999962e-01
-3.326547329999999913e+00 -3.395365589999999933e+00
9.529990569999999828e-01 -2.168322519999999809e+00
-3.686724589999999857e+00 -3.880172480000000146e+00
3.538990819999999982e+00 -1.673233119999999907e+00
-1.615353180000000055e+00 2.140372130000000039e-01
2.980295830000000201e+00 -9.936824589999999624e-01
1.846611159999999918e+00 -3.219715710000000009e+00
-2.704168719999999748e-01 -6.478516330000000378e-02
-2.760693830000000126e+00 -1.211919959999999907e+00
2.194872129999999810e+00 2.297158140000000071e+00
1.630410230000000071e+00 -1.409244270000000077e+00
1.736130790000000035e+00 -3.873761029999999828e+00
-2.486818110000000193e+00 -1.538936269999999995e+00
-1.550971719999999943e+00 2.233840429999999877e+00
2.232739720000000094e+00 -2.023990419999999874e-03
1.664904530000000105e-01 2.636947240000000026e+00
-3.508645019999999892e+00 -2.861296579999999867e+00
3.841223170000000131e+00 -1.721365370000000006e+00
4.311134039999999779e-01 2.142292030000000125e+00
5.526153100000000262e-02 -3.804651199999999900e+00
2.993839200000000034e+00 5.047334159999999903e-01
-5.795114209999999849e-02 -6.935104509999999445e-02
3.071283349999999857e+00 -2.405467160000000160e+00
8.942297340000000538e-01 2.453796549999999854e+00
3.502574450000000006e+00 -3.681469139999999918e+00
3.987804570000000215e+00 3.068169029999999964e+00
-1.269019979999999936e+00 -3.495643879999999815e+00
1.194477360000000044e+00 2.944080399999999820e+00
1.627494140000000034e+00 -2.414222339999999800e+00
-2.754296270000000213e+00 -1.356326109999999918e+00
-1.796069310000000030e+00 -3.716187670000000054e+00
1.665540749999999903e+00 -2.818902609999999864e+00
1.363020230000000055e+00 7.346611309999999673e-01
2.570773979999999792e+00 1.678159710000000082e-01
3.516339050000000022e+00 -2.189692289999999986e+00
-8.354379189999999733e-02 1.736236049999999864e-01
-4.532772760000000067e-01 -3.416320899999999994e-02
-2.552001779999999886e+00 2.851905239999999786e+00
3.062179439999999975e+00 -2.832128159999999895e+00
2.963518790000000180e+00 -5.377760089999999993e-01
7.954971720000000301e-01 2.567084980000000183e+00
3.484241690000000169e+00 -2.301909030000000023e+00
1.283939149999999918e+00 4.119560079999999846e-01
-1.686315330000000001e+00 2.948724519999999849e+00
6.861735129999999572e-01 1.834473440000000011e+00
-3.434390609999999899e+00 7.577209740000000471e-01
3.347899190000000136e+00 -2.167665490000000084e+00
-2.073119709999999838e+00 2.817585209999999840e-01
4.021830330000000231e-01 -1.885539649999999900e+00
7.693007189999999662e-01 1.239888859999999982e+00
5.439939999999999776e-01 1.049745469999999958e+00
3.241116050000000248e-01 -2.287515969999999843e+00
5.735390249999999801e-01 2.417522749999999887e-01
5.593340380000000334e-01 2.651655229999999808e+00
3.513032550000000143e+00 3.404670299999999816e+00
-8.032311779999999901e-01 -3.505965409999999949e+00
7.861779159999999766e-01 -2.684670070000000131e+00
-2.649726900000000107e+00 3.834726869999999899e+00
-2.455152389999999851e+00 -3.655619049999999870e+00
-1.527122040000000069e+00 -3.051232300000000119e+00
-2.380249009999999998e+00 8.560696660000000069e-01
-2.045276180000000110e+00 3.926723459999999832e+00
2.513604830000000234e-01 7.032007500000000411e-01
-6.003522270000000161e-01 2.358177099999999804e+00
2.013608759999999887e+00 -1.933086139999999897e+00
-2.323386029999999991e+00 3.858254280000000147e+00
3.336308250000000086e+00 1.186775699999999961e-01
1.483947249999999940e+00 -2.038762429999999792e+00
-1.838840849999999971e+00 1.890243540000000055e-01
-4.704540500000000125e-01 9.267348480000000555e-01
-2.846420859999999831e+00 -3.887641599999999809e+00
-3.686213679999999826e+00 -3.090359330000000071e+00
3.616105389999999975e+00 3.057381439999999895e+00
-2.004666949999999837e+00 2.466563579999999867e+00
-2.660877240000000032e+00 8.397217719999999774e-01
-2.402637649999999958e+00 -2.957435189999999992e+00
-1.265157319999999919e+00 4.637860560000000021e-01
3.675461719999999932e+00 -6.713966470000000131e-01
-2.021103890000000014e+00 3.310379290000000196e+00
-2.005695810000000190e+00 -2.903969809999999985e+00
3.527252199999999949e+00 2.118780000000000108e+00
3.080565239999999871e+00 -2.123425630000000119e-01
1.821184219999999986e-03 -1.023350079999999940e+00
-1.443580080000000043e+00 2.765980349999999977e+00
1.232320969999999960e+00 6.730509129999999729e-01
-2.704217120000000030e+00 -2.742670540000000212e+00
-4.631270000000000109e-01 -1.512039979999999950e+00
-2.880542290000000172e+00 9.194778359999999928e-01
3.930037239999999987e-01 1.945076859999999908e+00
-1.145764290000000019e+00 -2.824281860000000144e+00
2.221548840000000080e+00 3.510730720000000193e+00
-1.210524020000000034e-01 -1.456437790000000065e+00
3.546860709999999806e+00 2.865285249999999895e+00
1.972838400000000103e+00 3.182180569999999875e+00
1.188992459999999918e+00 -9.651718509999999973e-02
1.720616060000000003e+00 -3.055843889999999785e+00
-3.853155360000000140e+00 -2.158546630000000022e-01
2.774423459999999952e+00 3.811584690000000109e+00
1.631938990000000089e+00 2.567461590000000182e+00
-1.318811079999999913e+00 2.696977720000000023e+00
1.525598599999999916e+00 -9.851074599999999626e-02
2.798639290000000113e+00 8.689026010000000522e-01
-6.159673430000000005e-01 -6.736644290000000090e-01
1.186930290000000054e-01 -1.548051760000000110e+00
-2.755714329999999990e+00 3.290276079999999936e+00
-2.051490690000000061e+00 3.763725539999999814e+00
3.307724089999999784e+00 9.543886219999999643e-01
2.396153630000000145e+00 3.527605349999999973e+00
-2.053353560000000133e+00 -3.392134990000000183e+00
-1.360269759999999994e+00 -4.256923929999999884e-02
9.408341609999999466e-01 3.846871160000000067e+00
-2.200641679999999933e+00 1.815639470000000033e+00
-5.589521619999999746e-01 9.974515830000000305e-01
1.330019260000000036e+00 6.145050800000000368e-01
3.209575579999999762e-01 4.824659479999999778e-01
2.455086319999999933e+00 -3.710847989999999985e+00
-2.089519179999999865e-01 1.032786769999999965e+00
8.020116240000000341e-01 3.808537519999999788e+00
-2.107604489999999942e+00 9.037313790000000013e-01
-1.222346549999999976e-01 2.201742289999999880e+00
1.418034030000000056e+00 1.889486779999999921e+00
-1.366140219999999905e+00 1.536752429999999947e+00
7.441750249999999900e-01 3.651485329999999974e-01
-1.761305640000000006e+00 2.852588480000000093e+00
1.235998799999999953e+00 2.993078909999999926e+00
-1.045675200000000027e+00 -3.551628179999999801e+00
2.174045220000000000e+00 1.803376660000000076e+00
-2.980283290000000029e+00 2.819173619999999936e+00
1.646126399999999990e+00 7.818704429999999705e-01
-3.498419769999999929e+00 -3.582676470000000002e+00
2.040091990000000077e+00 -3.484186300000000180e+00
1.724625209999999909e+00 2.218926649999999778e+00
-2.237811929999999894e+00 5.295566019999999874e-01
1.632017810000000013e+00 -1.848511170000000092e+00
-1.621487799999999924e+00 -2.400466370000000182e+00
-2.051261250000000036e+00 2.043289960000000072e+00
3.619308719999999813e+00 -3.869142440000000072e+00
-1.739908599999999916e+00 -3.984146780000000110e+00
1.144866839999999941e+00 3.733590430000000016e+00
3.987543140000000097e+00 -3.519659330000000086e+00
1.199184009999999967e+00 1.147270730000000016e+00
-8.472340160000000342e-01 -1.010701889999999992e+00
-2.463841990000000148e+00 -2.948157699999999881e+00
3.275441110000000045e+00 -1.072536109999999931e+00
2.691718439999999823e+00 -4.928008220000000272e-01
1.265910770000000074e+00 1.579920519999999939e+00
3.171191139999999908e+00 -3.571027099999999788e+00
-3.054824790000000068e+00 -3.387842440000000011e+00
3.831299519999999958e-01 -3.566995330000000131e+00
-1.506977489999999920e+00 2.863106600000000057e+00
-3.194022449999999846e+00 1.716933320000000096e+00
-3.444031330000000057e+00 -1.358842289999999897e+00
1.683812370000000058e+00 1.214929329999999918e+00
3.699170599999999975e+00 2.695741410000000116e+00
1.806457999999999897e+00 3.812747250000000143e+00
-1.051827279999999920e+00 -1.870182240000000107e+00
1.889829219999999976e+00 -2.334391640000000212e+00
3.498782289999999850e+00 -1.189296090000000028e+00
-1.427790359999999925e+00 -3.624195579999999861e+00
6.350875019999999704e-01 -1.021253959999999905e+00
3.524325300000000105e+00 -1.128482989999999964e+00
-3.598078989999999866e+00 3.569539279999999870e+00
-2.152478649999999938e+00 -2.150383870000000197e+00
3.692632140000000174e+00 3.319400149999999883e+00
-2.143271449999999856e+00 7.231998060000000006e-01
-1.587064800000000053e+00 1.702225770000000138e-01
2.080024530000000205e+00 -2.212783959999999883e+00
-1.725401720000000028e+00 -5.663666950000000311e-01
-1.917298960000000108e+00 1.558462140000000051e+00
-8.332770330000000003e-01 8.312481820000000576e-02
-1.889777800000000063e+00 -3.934983320000000173e+00
-6.410563879999999770e-01 2.208580539999999814e+00
2.897141560000000116e+00 2.931727850000000135e+00
1.439007690000000117e-01 3.550377210000000172e+00
-3.910573090000000196e+00 -2.857935359999999925e+00
1.366388710000000062e+00 -2.338704879999999875e+00
2.047532980000000002e-01 2.552175740000000026e+00
3.770080080000000056e+00 1.626583740000000056e+00
2.806992580000000181e+00 3.075464820000000099e-01
3.856723559999999829e+00 -1.535024570000000033e+00
3.673962219999999945e+00 4.747504379999999968e-01
1.144435829999999932e+00 2.270700719999999784e+00
-2.105075779999999952e+00 3.393025349999999829e+00
1.964166099999999915e+00 3.423810839999999800e+00
-2.757753380000000032e+00 2.042581450000000132e+00
2.302706740000000085e+00 -2.020041700000000162e+00
3.233381470000000202e-01 -1.363184320000000033e-02
2.337496479999999988e+00 -6.820646489999999673e-01
8.773582650000000260e-01 -1.287267450000000091e+00
2.696871359999999829e+00 -1.136775139999999906e+00
2.084507560000000037e+00 -1.584540400000000071e+00
-3.974321520000000163e+00 3.512254969999999865e+00
3.379825890000000221e+00 2.404241410000000023e+00
-2.321701650000000061e+00 -4.160626490000000066e-01
5.657542150000000047e-01 6.083615079999999953e-01
-1.620233059999999892e+00 -1.085444300000000029e+00
3.978922670000000217e+00 -1.448454929999999918e-01
-6.202311270000000487e-01 1.869122530000000060e+00
2.021570350000000127e-01 -1.358136859999999925e-02
3.828233130000000095e+00 3.488438830000000213e-01
-5.744110759999999649e-01 1.059837259999999892e+00
-1.229571609999999954e-01 -3.675347200000000036e+00
-2.480081590000000169e+00 2.722926429999999787e+00
1.469340139999999906e+00 4.283744890000000249e-01
-1.862060730000000053e+00 1.025648270000000029e+00
1.205759540000000074e+00 -1.672749830000000104e+00
-1.987442809999999949e-01 -2.095438820000000035e+00
3.431262929999999933e+00 -7.495092239999999739e-01
1.405078859999999930e+00 -1.601461629999999969e+00
-1.624090580000000061e+00 6.685482710000000273e-01
1.146681999999999979e+00 6.866825479999999482e-01
-2.225960099999999997e+00 8.598515829999999749e-01
-1.389970729999999932e+00 3.479240830000000173e+00
-8.552549720000000022e-01 -7.262183679999999475e-01
1.411417190000000099e+00 1.090923089999999984e+00
-5.830430909999999578e-01 -1.765780640000000068e-01
-3.272127799999999809e+00 2.027730549999999798e+00
3.049697670000000027e-01 -4.780806200000000117e-01
-8.763578450000000242e-01 -1.637942870000000051e+00
6.077724349999999998e-01 -6.043165940000000402e-01
3.777307650000000017e+00 -1.849799479999999940e+00
1.402764960000000061e+00 -3.623340549999999882e-01
-1.668709079999999956e+00 -3.939875859999999896e+00
8.837174049999999559e-01 2.267018460000000069e+00
-6.543281739999999846e-01 1.686855009999999933e+00
4.492864650000000237e-01 3.548169870000000170e+00
-3.967854829999999833e+00 -3.059620639999999892e+00
-5.761326900000000029e-01 3.623499939999999864e+00
1.821789950000000102e+00 -2.212930370000000035e+00
-7.660602610000000201e-01 1.903155319999999984e+00
3.718806680000000142e+00 -2.383049779999999895e+00
1.916663170000000083e+00 -7.273834540000000404e-01
4.540225589999999922e-01 3.599690289999999848e+00
1.023504620000000032e-01 2.039548120000000075e+00
-3.124253149999999923e+00 -2.322317620000000193e+00
2.831128769999999850e+00 -2.552557880000000168e+00
1.859073229999999910e+00 3.650003680000000195e-01
9.695038449999999752e-01 -1.575026009999999976e+00
-1.330137499999999973e+00 -1.627992150000000082e+00
-3.855334000000000039e+00 2.769906119999999916e+00
-5.982232650000000040e-01 3.771745320000000068e-01
3.418319449999999815e+00 -3.285582160000000140e-01
3.483712590000000109e+00 2.184496789999999855e+00
-8.950903740000000219e-01 2.606865379999999899e+00
6.610928249999999951e-01 1.372474270000000107e+00
2.836482000000000170e+00 -2.818505179999999832e+00
2.540617060000000205e+00 3.650976870000000041e+00
-1.642263100000000087e+00 8.545454989999999862e-01
3.946806660000000022e+00 -1.260417630000000011e-01
-1.380869579999999930e+00 -3.134883090000000205e-01
-2.147059790000000135e+00 -2.264118869999999895e+00
-3.764146859999999872e+00 2.945443699999999998e-01
1.548678320000000053e+00 -1.675829259999999987e+00
1.769235490000000022e+00 3.960676380000000218e+00
1.934301760000000092e+00 2.627372180000000057e+00
-3.205939910000000115e+00 1.031559420000000005e+00
-3.611028549999999893e+00 -2.094913640000000132e+00
-3.889604540000000110e+00 1.996579979999999921e+00
2.342855629999999856e+00 3.371535639999999834e+00
-2.377981189999999856e+00 1.539377150000000027e-01
-2.500970740000000081e+00 8.871483430000000059e-01
-2.603936150000000005e+00 7.836628690000000397e-01
-1.938309609999999905e+00 3.834545820000000216e+00
-1.798536279999999987e+00 2.481332969999999971e+00
7.401554900000000270e-01 -3.126543100000000130e+00
3.137783820000000112e+00 -2.261900970000000066e-01
2.666292780000000029e+00 -9.173203330000000433e-01
2.795050620000000041e+00 2.114275290000000140e+00
-2.648406019999999916e+00 2.844525690000000218e+00
3.211024940000000161e+00 3.198583440000000166e+00
-2.413587730000000153e+00 -2.829722460000000162e+00
2.884325529999999804e-01 -1.697410510000000095e+00
-3.527679060000000089e+00 -4.695311540000000061e-01
3.078597409999999979e+00 7.099813080000000332e-01
1.179329869999999891e+00 2.883047889999999835e+00
2.149106220000000178e+00 -3.412047289999999844e+00
-2.385390479999999869e+00 -2.676349270000000224e-01
3.316371269999999871e+00 3.537485499999999838e+00
2.810756850000000195e+00 3.038105059999999913e+00
-1.303129479999999951e+00 2.115452240000000206e+00
3.858254749999999955e+00 -2.133001810000000109e+00
-7.062356670000000114e-02 -1.239229549999999902e+00
-2.496169060000000162e+00 -2.836834459999999947e+00
1.935899049999999955e+00 -2.235859340000000195e+00
3.892524820000000219e+00 3.084061059999999799e+00
9.379776149999999868e-01 3.455522830000000045e+00
2.481316280000000152e+00 -1.469547720000000002e+00
7.146151600000000270e-01 -3.647608770000000167e+00
3.186608870000000149e+00 -8.645149340000000127e-01
-1.474764830000000027e+00 -6.731300890000000425e-01
2.084116910000000100e+00 -8.620298440000000451e-01
1.677363450000000089e+00 4.140963149999999926e-01
9.316455449999999638e-01 1.485251929999999998e+00
3.107023719999999933e+00 1.202051589999999948e+00
-7.873096429999999479e-01 3.717533870000000018e+00
-3.665624339999999926e+00 -1.787002669999999960e-01
-8.162591919999999668e-01 -2.131548940000000059e+00
-9.376174959999999947e-01 1.982121550000000010e+00
3.836623939999999955e+00 -1.374820460000000022e+00
8.777348339999999638e-01 1.527542029999999995e+00
-3.360299910000000168e+00 -1.937990019999999980e+00
-2.533631740000000132e+00 -3.296421989999999802e+00
-3.118125420000000259e-01 -1.474376099999999967e+00
2.630301059999999858e+00 -1.367909099999999878e-01
3.316065640000000148e+00 3.613962490000000027e+00
-2.723510319999999929e+00 -2.821756329999999924e+00
1.280804650000000100e+00 2.565289980000000192e+00
-3.055037149999999979e+00 2.696845539999999986e+00
2.168108049999999842e+00 3.563416349999999788e+00
2.108175820000000034e+00 -2.888836659999999945e+00
-3.262844489999999986e+00 1.681952330000000106e+00
-1.321676719999999916e+00 -2.751684589999999986e+00
-2.726026679999999924e+00 -1.429498109999999933e+00
3.272132800000000064e+00 2.908314369999999816e+00
-2.504693500000000128e+00 2.356649190000000171e+00
-1.838515349999999993e+00 3.935890419999999779e+00
-3.688082270000000218e+00 3.441863440000000107e+00
2.370953360000000121e+00 1.364978870000000066e+00
2.374746640000000131e+00 -2.381039819999999918e-01
3.377670650000000219e+00 2.548954219999999826e-01
9.151256899999999916e-01 8.756751540000000389e-02
-1.359041900000000080e-01 3.153883940000000052e+00
2.708637879999999942e-01 1.837662200000000023e+00
1.065866430000000031e+00 4.399229869999999876e-01
2.892481940000000140e+00 -1.966522340000000035e+00
1.425755499999999953e+00 -6.983892040000000412e-01
-3.595745949999999969e+00 -1.217571870000000001e+00
-1.986515239999999904e+00 1.111278049999999906e+00
-3.246957650000000140e+00 -4.801883359999999934e-01
-1.764769260000000006e+00 1.649817060000000057e-01
1.304756830000000090e+00 -1.285708740000000017e+00
2.756512209999999907e+00 1.517632450000000022e+00
-3.760019989999999979e+00 3.700037010000000182e-01
-1.289722660000000021e+00 1.774583449999999951e+00
2.448977900000000041e+00 -3.278429459999999906e+00
1.170642119999999897e+00 1.225877090000000003e+00
-2.277690939999999831e+00 1.730207300000000004e+00
-7.359621459999999837e-01 -2.670786890000000025e+00
2.561673980000000128e+00 -1.955875309999999923e+00
-6.892595310000000364e-01 -1.222034609999999910e+00
-4.406617589999999862e-01 -3.596780830000000151e+00
2.847927589999999842e+00 1.173473530000000098e+00
3.591114409999999757e-01 -2.218252520000000061e+00
-9.021032279999999792e-01 -7.120835109999999746e-02
-1.343167680000000086e+00 -2.626962090000000138e+00
-4.626684620000000026e-01 -5.151446299999999923e-01
-2.442617090000000157e+00 -2.109095640000000049e+00
3.086512149999999899e+00 3.687749740000000109e+00
8.533751149999999619e-01 -1.447137710000000022e+00
2.803577199999999880e+00 6.534422760000000441e-01
3.686098219999999870e+00 -3.407600590000000040e-01
-2.805831169999999819e+00 3.478797189999999873e+00
-9.948979599999999701e-01 -7.595732769999999912e-01
2.048298679999999816e+00 -1.725122250000000079e+00
3.737028500000000086e+00 -3.615753460000000086e+00
2.177357740000000152e+00 -1.652771619999999997e+00
1.892241540000000111e+00 -2.287066100000000102e+00
3.036137670000000011e+00 2.452210550000000211e+00
1.560764779999999963e+00 -6.522100349999999658e-01
-1.079585400000000028e+00 2.273957499999999854e+00
1.290180139999999920e+00 9.851410459999999647e-01
-2.528687479999999876e+00 2.341833170000000131e+00
3.835573999999999817e+00 -1.139214039999999928e+00
1.247676189999999963e+00 5.732082400000000355e-01
3.588956839999999815e+00 -3.605923830000000052e+00
-3.652384599999999981e+00 3.750582329999999853e+00
-2.409929710000000114e+00 2.178786739999999944e-01
-5.938676120000000447e-01 2.012786540000000013e+00
3.580727889999999913e+00 -3.931010940000000176e+00
3.744114600000000070e+00 -3.685669620000000091e+00
2.944893420000000095e+00 -2.238316810000000157e+00
-1.739223949999999963e+00 2.834215239999999802e+00
-1.839727949999999890e+00 -9.446563380000000398e-01
5.571392059999999979e-01 -1.173012420000000056e+00
-3.387703590000000098e+00 1.343430829999999965e+00
-1.039072790000000079e+00 -1.494781359999999948e+00
-2.176428280000000104e+00 -2.016141339999999893e+00
-1.909993650000000043e-01 5.713364499999999957e-01
6.350966789999999973e-01 -9.303390510000000280e-01
3.153321599999999947e+00 -1.300116159999999965e+00
-2.236341459999999781e+00 5.798683919999999548e-01
-3.545606180000000052e+00 3.541500489999999779e+00
2.094761940000000155e+00 3.773779720000000060e-01
4.832087290000000035e-01 -2.989671210000000023e+00
1.383501389999999942e+00 3.635870650000000204e+00
1.773199519999999918e+00 -2.431676060000000084e-01
-2.097326820000000147e+00 -6.852436939999999588e-01
-2.567234130000000114e+00 -2.249212319999999821e+00
-3.645568879999999901e+00 1.101146739999999902e+00
-2.508686040000000173e+00 -2.579789929999999898e-01
-3.772306539999999986e-01 -2.541500179999999887e+00
-3.140187329999999832e+00 -3.255992909999999796e+00
3.450509939999999887e+00 -3.461063460000000092e+00
2.342165039999999809e+00 1.639354289999999936e-01
-2.759647880000000164e+00 1.493982839999999923e+00
1.463329840000000104e+00 -3.984058239999999973e+00
-3.530637650000000072e+00 -2.050495649999999781e+00
4.517226970000000064e-01 1.712765579999999899e+00
-1.450052679999999983e+00 1.693699499999999913e+00
-3.082788760000000128e+00 1.274261829999999929e+00
-2.170437919999999909e+00 -3.395815439999999796e+00
-2.453289589999999798e+00 -3.908784530000000146e+00
-2.924174740000000217e+00 2.892431359999999785e+00
2.573545419999999861e+00 -1.827319350000000009e+00
1.201415029999999939e+00 -2.801638919999999811e+00
2.045002690000000012e+00 1.094842340000000025e+00
1.929885569999999939e+00 -3.981053559999999880e+00
1.599203479999999900e+00 5.795751799999999954e-02
1.915105880000000038e+00 2.959538240000000098e+00
-7.742456490000000358e-01 1.144889990000000024e+00
1.036024159999999972e+00 1.617812700000000048e-01
3.630703710000000140e+00 9.165718130000000130e-01
-1.805027359999999970e+00 2.077391420000000100e+00
-9.847152129999999781e-01 3.683283229999999797e+00
-3.500807099999999839e+00 -3.725555760000000216e+00
-1.273387389999999897e+00 2.847251219999999972e+00
-2.839113119999999935e+00 -5.369968510000000528e-01
-1.895777830000000108e+00 7.942805939999999509e-01
-3.290470149999999983e+00 -3.754858140000000066e+00
-2.540264930000000199e+00 1.211859720000000085e+00
1.755207240000000057e+00 -2.191812259999999846e+00
-9.450119359999999968e-01 -1.290651299999999946e+00
2.909119609999999856e+00 2.861129399999999823e-01
3.545941179999999804e+00 -3.543551309999999899e-01
2.244229939999999868e-01 -3.561092980000000185e+00
-3.031753249999999955e+00 3.365050249999999910e+00
1.373877599999999921e+00 -3.943807660000000048e+00
4.634546549999999931e-01 2.339916059999999909e-01
3.132576049999999945e+00 -1.175432299999999985e+00
-3.545040179999999985e+00 2.939628260000000104e+00
1.823343299999999889e+00 -3.994944240000000146e+00
-4.172177890000000056e-01 -4.791603119999999771e-01
-1.403373119999999918e+00 -1.487530739999999962e+00
4.067757650000000114e-01 -5.469330980000000064e-01
-2.262567620000000002e+00 7.846402160000000015e-01
3.926416899999999988e+00 -3.742931839999999788e+00
-2.317415870000000044e+00 2.673097960000000217e+00
-3.868147930000000123e+00 -2.003177529999999873e+00
-3.732382990000000067e+00 1.306345859999999970e+00
-2.207470729999999826e+00 -1.283689120000000017e+00
1.814031210000000005e+00 2.930152759999999912e+00
-8.571592319999999932e-01 1.926572490000000026e-01
1.776151629999999981e+00 -2.665473710000000107e+00
-3.744994670000000081e+00 9.378262529999999986e-01
1.169444750000000033e+00 -3.766120840000000136e+00
8.853406700000000518e-01 7.318763320000000183e-01
3.870561390000000213e+00 2.335316870000000211e+00
2.620908809999999978e+00 -1.512013480000000021e+00
-1.517939259999999957e-01 -3.232699520000000160e+00
-8.891239880000000040e-02 3.364672150000000084e+00
3.813317220000000063e+00 -3.393615169999999903e+00
5.343036949999999674e-01 3.420090689999999878e+00
3.576226920000000198e-01 3.018847510000000067e+00
1.162635010000000024e+00 -1.900591319999999973e+00
1.306686100000000073e+00 3.191274829999999785e+00
8.087278930000000310e-01 1.043112779999999962e+00
1.774462280000000058e+00 -2.643230369999999940e+00
-3.322781500000000054e+00 -3.766907639999999891e+00
7.495891639999999745e-01 -2.831098470000000145e+00
1.516018070000000051e-01 3.028056850000000022e+00
-3.016640489999999897e+00 -3.993941650000000010e+00
5.960491669999999909e-01 -3.797174800000000072e+00
-3.320607040000000065e+00 -2.657654659999999947e+00
-1.935070129999999944e+00 1.385487750000000018e+00
3.029343939999999957e+00 4.203125989999999951e-02
-2.881801840000000059e+00 3.800328780000000073e+00
-7.738634570000000323e-01 -2.300001089999999859e+00
3.846287649999999836e+00 1.882500850000000003e+00
-2.097697189999999934e-01 1.911196520000000065e+00
-7.758240849999999966e-01 -1.958863639999999906e+00
1.354703739999999934e+00 1.066109329999999966e+00
-3.094966689999999881e-02 -2.747333629999999971e+00
7.579643270000000488e-01 -3.391602690000000031e+00
-3.823231409999999997e+00 1.536607709999999960e+00
2.629209139999999945e+00 3.025959850000000007e+00
1.445558310000000013e+00 -2.875920439999999800e+00
-1.745241720000000107e+00 -1.838588220000000051e-01
1.374217479999999991e+00 2.619958679999999873e+00
-6.352623059999999711e-02 3.142349230000000215e+00
-1.935017860000000089e+00 -1.237878239999999908e+00
1.789580519999999897e+00 -4.986478189999999922e-01
-3.572751020000000111e+00 -7.762678359999999889e-02
-4.409630310000000053e-01 -3.255833729999999981e+00
-1.840969550000000066e+00 -3.867558299999999782e+00
-1.881667629999999924e+00 -1.067441579999999890e+00
-1.126114550000000047e+00 -6.084105579999999902e-01
-1.052767269999999922e+00 -2.884553899999999782e+00
-1.736064070000000070e+00 -2.553589440000000099e+00
2.012393209999999932e+00 -1.603347389999999928e+00
3.729512360000000054e-02 -7.559283820000000098e-01
2.012745579999999812e+00 -3.145453280000000129e-01
9.421493650000000164e-01 -1.398910520000000046e+00
2.502696069999999828e+00 2.755137340000000101e-01
3.194444289999999853e+00 -3.782668629999999865e+00
3.316358310000000031e+00 5.043460570000000143e-01
-3.784952010000000033e+00 3.518733419999999779e+00
1.516349390000000019e+00 -2.726014880000000140e+00
3.667936609999999931e+00 1.192672069999999973e+00
-2.245528440000000181e+00 -1.038007450000000054e+00
2.300682960000000055e+00 1.353180700000000014e+00
3.833642520000000165e+00 3.350784800000000008e+00
-3.465975380000000161e+00 -3.083576310000000209e+00
2.854540290000000091e+00 6.080848340000000185e-01
1.119070779999999932e+00 -9.029568730000000487e-01
3.703730750000000072e+00 3.178001469999999884e+00
7.185612999999999584e-01 -2.487289460000000063e-01
-3.201710380000000189e-01 1.491514599999999913e+00
2.348888049999999783e+00 -3.915098240000000063e-01
1.715149620000000041e+00 -2.436001800000000106e+00
-1.758613219999999977e+00 -1.042405839999999972e-01
6.052247179999999949e-01 -6.396944760000000674e-02
3.759264889999999859e+00 -3.658717690000000022e+00
1.584649420000000086e+00 -1.869581469999999968e+00
1.042005159999999986e+00 -1.718180250000000076e+00
-3.834079190000000192e+00 3.512341689999999961e+00
3.581065059999999800e+00 -5.807523350000000084e-01
-9.434532300000000316e-01 1.694585549999999996e+00
3.600892490000000112e+00 -2.558668630000000110e+00
-1.148772040000000105e+00 1.159176590000000028e-02
-1.066406720000000030e+00 3.950188629999999979e+00
-3.647032090000000171e+00 -1.764751409999999909e+00
2.869026110000000074e+00 2.249532369999999837e+00
1.083013409999999954e+00 2.102113650000000167e+00
-3.317177860000000145e+00 -2.188340730000000178e+00
2.149577279999999924e+00 3.489631020000000028e+00
-2.534401900000000207e+00 3.061455430000000089e+00
-1.971495949999999997e+00 -1.201857930000000074e+00
2.684404670000000159e+00 -1.433859729999999999e+00
-3.621947720000000093e+00 -2.680279189999999812e+00
-2.584608170000000094e+00 2.446347470000000079e+00
-9.351104619999999965e-03 3.228261219999999820e+00
1.699049089999999929e+00 -2.997222209999999887e+00
-3.935483609999999910e+00 2.885875809999999930e+00
-2.385236770000000117e+00 -1.411296829999999947e+00
4.246810690000000221e-01 3.913633630000000085e+00
1.660653830000000108e-01 1.910265120000000039e+00
-3.658393579999999812e+00 3.403582790000000191e+00
2.268242419999999981e+00 2.404376549999999835e+00
1.671848269999999914e+00 -3.982611979999999829e-01
1.532997429999999994e+00 -3.549934690000000170e+00
-3.781358969999999875e+00 8.096717399999999731e-01
-5.051231139999999842e-01 -8.539855520000000366e-01
1.208515149999999982e+00 -2.555101270000000202e+00
8.383458780000000443e-01 -1.559639159999999913e+00
2.198397440000000036e-01 3.389559020000000089e+00
-3.470089999999999897e+00 -5.629657489999999598e-01
2.137542209999999887e+00 -1.932367029999999986e+00
1.184615350000000067e+00 2.525810949999999888e+00
-3.474534549999999999e+00 7.571920439999999530e-01
2.311428240000000134e+00 1.353977290000000000e+00
-5.866842679999999532e-01 1.261713879999999954e-01
-2.923061909999999930e+00 1.310148160000000006e+00
7.405867879999999959e-01 -3.548527920000000169e+00
-1.349311869999999969e+00 -1.361805399999999888e-01
3.837522410000000050e+00 -2.072490759999999987e+00
-2.578278150000000046e+00 -7.543481909999999457e-01
3.734375290000000014e+00 4.507803089999999901e-01
1.322997390000000051e+00 -1.755684000000000133e-01
-2.014433330000000133e+00 -2.893090280000000014e+00
-3.537681150000000052e+00 -3.601133180000000156e+00
-1.153132629999999992e+00 -3.304667349999999892e+00
-2.985240249999999929e+00 -1.659777250000000093e+00
-3.151107679999999966e+00 1.512690150000000067e+00
2.574672759999999894e+00 -2.245505189999999818e+00
-1.736553950000000013e+00 -3.300747250000000133e+00
-3.053814120000000187e+00 6.060855459999999750e-01
2.505140939999999983e+00 2.065618839999999956e+00
-3.227583350000000184e+00 -2.000847659999999806e+00
1.027575260000000101e+00 -9.105679949999999634e-01
3.516475399999999946e-02 -1.889277880000000076e+00
-6.702987099999999643e-01 -2.177193369999999906e+00
-1.768064370000000052e+00 -2.652916460000000143e+00
1.168407669999999898e+00 8.598492739999999968e-01
3.680028119999999792e+00 2.269765329999999803e+00
-2.438338569999999983e+00 1.681586610000000093e+00
-5.262369479999999822e-01 -1.399317729999999926e+00
-8.631880990000000420e-01 2.176666939999999939e-01
-6.838080399999999504e-01 2.813783350000000016e+00
-3.558632080000000197e+00 1.743203499999999906e+00
4.067063579999999900e-01 -2.813250570000000117e+00
-1.691076730000000028e+00 1.813984739999999984e+00
-3.579067400000000010e+00 -1.058381580000000044e+00
1.991510770000000097e+00 3.041971740000000146e+00
4.227284130000000251e-01 -3.778330340000000120e+00
2.248822559999999804e+00 3.484964090000000070e+00
-9.913953629999999739e-02 -3.727863549999999915e+00
-7.468851389999999757e-01 -1.408127080000000086e+00
9.142068789999999723e-01 1.650456039999999902e+00
2.166843140000000112e+00 -3.462623670000000153e+00
3.280512780000000017e+00 2.257397559999999803e+00
5.740544579999999897e-01 3.978865229999999809e+00
3.036435679999999859e+00 -1.525393280000000074e+00
1.860178380000000020e+00 3.837942110000000184e+00
3.032886720000000036e+00 2.516479920000000092e+00
-1.723752579999999979e+00 2.023464989999999908e+00
-1.629903840000000104e+00 1.731242729999999952e-01
2.389763809999999822e+00 1.026252900000000023e+00
1.039756349999999996e+00 -1.391651260000000001e-01
-2.490259909999999799e+00 -8.885554769999999547e-02
-2.379193819999999793e+00 -1.488219640000000066e+00
2.009816589999999792e+00 -2.538351850000000187e+00
3.432404089999999908e+00 1.041099679999999972e-01
-3.841206870000000162e+00 -3.377673290000000161e+00
-1.956266910000000081e+00 -1.385887089999999988e+00
-3.781410859999999818e+00 4.592685850000000070e-03
1.301464320000000008e+00 3.082906100000000205e+00
6.566000920000000241e-01 1.960260590000000080e+00
-2.243501000000000190e+00 -9.573545110000000191e-01
-2.002514650000000174e+00 -2.313953020000000027e+00
-3.153437390000000118e+00 1.961428409999999900e+00
5.354327190000000014e-01 -2.108395030000000059e+00
-2.914054300000000097e+00 2.092030799999999857e+00
-1.129610580000000031e+00 3.897344209999999975e+00
9.332624790000000337e-01 -1.251521670000000030e+00
-1.273922229999999933e+00 1.030441759999999984e+00
1.000530069999999938e+00 -2.615758560000000177e+00
-3.661645430000000090e+00 2.081974530000000101e+00
-2.464338130000000016e-01 2.525339629999999724e-01
9.388540489999999683e-02 8.699668280000000253e-01
2.597733359999999880e+00 3.690217779999999781e+00
-2.996538249999999959e+00 -1.506939980000000068e+00
8.060125529999999650e-01 -2.629131790000000191e+00
9.586234209999999756e-01 -2.143732050000000111e+00
-2.783344830000000214e-01 -1.213608510000000029e+00
4.097572899999999962e-01 3.069969250000000205e+00
-2.011200689999999902e+00 3.217209360000000018e+00
3.836077130000000057e+00 -1.333423980000000064e+00
3.879598549999999868e+00 -1.117928579999999950e-01
3.642810279999999956e+00 -9.934640399999999927e-01
2.918220489999999945e+00 1.577609519999999987e+00
1.566610589999999914e-01 -6.583721300000000554e-01
1.271779510000000002e+00 -3.058155150000000155e+00
3.441672860000000167e+00 -2.769009319999999885e+00
-2.048558649999999925e+00 1.585273039999999911e+00
3.603754959999999841e+00 -2.462013540000000056e+00
1.610107029999999995e+00 3.044323630000000058e+00
2.686780409999999897e+00 2.994978670000000065e+00
-3.847098330000000121e+00 1.549324249999999958e+00
-8.031083610000000483e-01 1.320028989999999958e+00
-3.517918240000000196e+00 6.338771610000000223e-01
7.726136970000000437e-01 1.132117449999999970e+00
-6.526420939999999504e-01 1.306415880000000085e+00
1.962870070000000133e-01 -2.491602170000000172e+00
3.023947210000000219e+00 -1.595051549999999985e+00
-3.192892109999999839e+00 2.827427859999999793e+00
-3.160458129999999866e+00 -8.623789130000000247e-01
-3.924008140000000200e+00 -2.412715299999999896e+00
-2.582179850000000165e+00 -2.390395139999999863e+00
1.561104419999999937e+00 6.527766950000000179e-01
3.886457399999999840e+00 2.274806050000000024e+00
2.460795440000000056e+00 1.409579869999999957e+00
-3.506089869999999831e+00 -1.983198199999999911e+00
1.143786020000000070e+00 2.554086530000000188e+00
2.133348300000000197e+00 3.780925490000000000e-01
2.017707169999999994e+00 -1.168969659999999910e+00
3.424280169999999845e+00 -2.274094139999999875e+00
-1.282109350000000036e+00 2.700411470000000147e+00
3.434623680000000068e+00 -1.706700190000000061e+00
2.037525009999999970e+00 8.390234640000000521e-01
9.292360069999999750e-01 1.785403099999999910e+00
-1.331088419999999939e+00 1.185306949999999970e+00
-2.377834570000000092e+00 2.758918070000000000e+00
-9.185052329999999765e-01 2.954096760000000099e+00
-2.744413769999999975e+00 3.424212149999999788e+00
-3.936765680000000156e+00 -2.086021140000000162e+00
-1.124317599999999917e+00 5.543417840000000041e-01
2.412524959999999830e+00 -3.048768959999999861e+00
4.508445700000000000e-01 5.279301830000000528e-01
-2.080630380000000113e+00 -1.063462040000000108e+00
3.675025080000000166e+00 -8.255137599999999853e-01
1.504441549999999905e+00 -1.899656650000000058e-01
2.528247959999999850e+00 2.395078040000000019e+00
3.160693690000000000e+00 -8.868553620000000359e-01
5.953255179999999980e-01 1.895998360000000105e+00
9.264127989999999535e-01 -1.891816409999999893e+00
5.231530159999999707e-01 -3.922859850000000037e+00
-9.972947659999999992e-01 -4.806815689999999752e-01
2.466828410000000193e+00 3.991887410000000136e-01
-3.621292280000000030e+00 -3.692094770000000192e+00
2.940934120000000096e+00 1.433215410000000078e+00
2.932045430000000064e+00 -1.733293270000000108e+00
-5.781032489999999857e-01 2.123550859999999929e+00
-1.627823819999999921e+00 -2.531546520000000022e+00
7.646959359999999650e-01 -1.976556509999999878e-01
2.841236569999999961e+00 -3.654075290000000198e+00
-1.143185719999999961e+00 6.531861610000000429e-01
-2.192969020000000047e+00 2.416180279999999847e+00
9.838698369999999693e-01 -3.514753789999999878e+00
3.353636890000000204e+00 -3.377297290000000007e+00
8.035226949999999535e-01 -2.638629290000000238e-01
-3.436097859999999837e+00 -2.286799629999999972e+00
2.541229060000000040e+00 -3.457126479999999891e+00
2.015072720000000039e+00 -3.699419259999999987e+00
6.535257960000000477e-01 9.517967809999999806e-01
-1.920008270000000072e+00 1.342354190000000003e+00
3.722983310000000046e+00 -2.912878529999999966e+00
1.566248129999999961e+00 1.030396340000000022e+00
1.337279600000000013e+00 -2.297925409999999946e+00
1.535885069999999963e+00 -2.255494479999999857e+00
3.245283249999999953e+00 -2.477937359999999867e+00
7.780516710000000280e-02 1.378947490000000053e+00
-5.151342319999999697e-01 2.181004469999999973e+00
-2.563816019999999973e+00 2.563838389999999912e+00
1.525340780000000063e+00 -3.807126620000000017e+00
-1.961057290000000064e+00 1.301469339999999919e-01
3.885562109999999958e+00 -3.779930499999999860e+00
2.985470059999999926e+00 3.977299149999999894e+00
-9.867469100000000326e-01 2.035628399999999782e+00
-3.665122789999999853e+00 -1.205014599999999936e+00
2.380713580000000107e+00 -3.290518499999999791e-01
-3.121828119999999984e+00 1.297801289999999996e+00
3.343275709999999901e+00 -3.678064909999999799e+00
9.563679029999999637e-01 3.976443409999999901e+00
2.927454529999999888e+00 1.220658119999999958e-01
1.678012990000000038e+00 1.446798730000000033e+00
2.206658009999999948e+00 -2.957247900000000151e-01
4.802939929999999746e-01 -2.503154920000000061e+00
-2.581382529999999842e-01 3.638344860000000125e-01
2.145915179999999811e+00 -2.714012020000000192e+00
-1.837297650000000004e+00 2.209681670000000153e+00
2.561174690000000087e+00 -3.381862560000000073e+00
-1.822107400000000099e-01 3.780174720000000210e-01
-3.695382299999999898e+00 -1.836132960000000036e+00
2.697670739999999956e+00 2.447747919999999855e+00
-1.669951809999999925e+00 7.523930399999999574e-01
1.775843770000000044e+00 -1.303959880000000071e+00
-2.377487850000000069e+00 -1.317396940000000072e+00
-1.536190479999999914e+00 -2.935189190000000004e+00
-2.420509149999999998e+00 1.026996680000000106e+00
-6.357119719999999585e-01 -2.456307669999999999e-01
-2.531766440000000173e+00 -2.365246550000000170e+00
3.619611219999999907e+00 -1.915289149999999996e+00
3.438756699999999888e+00 6.112087990000000248e-01
-3.030234479999999730e-01 -3.712961739999999899e+00
-1.669466209999999950e+00 3.968448389999999826e+00
1.612927470000000030e+00 -2.724449460000000212e+00
6.926237530000000087e-01 -2.427154129999999910e+00
8.883182729999999916e-01 -5.676963280000000278e-01
-1.538688980000000095e+00 -2.294892400000000166e+00
3.882462879999999839e+00 2.469773079999999954e+00
3.426491620000000182e+00 3.779411950000000076e+00
-1.497404879999999938e+00 -1.826997720000000047e+00
-3.972407829999999862e+00 -2.147058599999999817e+00
-2.316768010000000100e+00 -2.863128389999999968e+00
-2.502556129999999879e+00 2.697792760000000123e-01
2.086785700000000077e+00 2.113115790000000160e+00
1.039187990000000061e+00 -3.515007170000000070e+00
3.168906840000000003e+00 -1.978889670000000045e+00
1.325679400000000063e+00 3.482083170000000116e+00
5.353983919999999452e-01 -3.309700139999999902e+00
-1.626668500000000073e+00 1.582775080000000001e+00
-6.991998779999999969e-02 1.073684459999999952e+00
2.221058730000000203e+00 2.011088120000000146e+00
-3.641622809999999877e+00 1.712288600000000105e-01
1.293174239999999919e+00 -1.476593810000000062e-02
-2.021497899999999959e+00 3.800332050000000184e+00
2.800020449999999883e+00 3.526651629999999926e+00
5.677694020000000341e-01 -3.282795590000000097e+00
8.748211959999999676e-01 -2.647685829999999907e+00
-3.165576880000000148e+00 1.771562880000000062e+00
-4.787812269999999759e-01 -2.139980319999999825e+00
-2.511055110000000035e-01 -1.634799499999999961e+00
1.820129469999999916e+00 2.281265100000000157e+00
2.318897549999999974e+00 -2.691581719999999733e-01
-3.251212900000000072e+00 1.959949630000000109e+00
-3.657721780000000145e+00 -2.522395700000000129e+00
-2.895835760000000092e-01 3.174791040000000120e+00
-2.418703289999999839e+00 3.349995380000000189e+00
2.159513879999999997e+00 5.147386330000000010e-01
-3.201931490000000213e+00 -2.990447960000000016e+00
-2.736270179999999996e+00 1.499013699999999893e+00
-3.681222430000000045e+00 3.579574270000000169e+00
3.210336560000000006e+00 2.275965230000000172e+00
-2.161714350000000007e+00 -1.286612010000000028e+00
-2.625832089999999841e+00 2.685959819999999887e+00
3.140962529999999919e+00 1.651766499999999915e+00
-7.740623460000000122e-01 3.668261189999999949e+00
1.310911869999999979e-01 1.590584140000000091e-01
-3.804739599999999999e+00 3.527093910000000054e+00
-7.087865899999999941e-01 6.209579060000000039e-01
6.173115820000000253e-01 3.914373170000000179e+00
-2.701545160000000112e-01 2.595761389999999835e+00
-3.692493030000000065e+00 2.107783860000000065e+00
5.341243669999999888e-01 3.497622139999999824e+00
3.243511059999999890e+00 -1.243890890000000082e+00
1.865490909999999891e+00 -3.810227199999999925e+00
7.715377669999999855e-01 -2.161199739999999814e+00
3.714139299999999810e+00 1.726634460000000093e+00
-2.402944499999999817e+00 -1.066213969999999955e+00
-1.362237109999999973e-01 -2.631476979999999966e+00
-6.180173589999999884e-01 1.071695240000000021e-01
-3.427501980000000170e+00 -3.402835640000000161e+00
-3.207697290000000034e+00 -3.676481120000000047e+00
2.983264960000000077e+00 -3.143732630000000139e+00
-1.490031099999999942e+00 -7.770215609999999717e-01
1.665491410000000005e+00 1.115345690000000056e+00
3.346735150000000214e+00 1.510046030000000039e+00
6.778153609999999496e-01 1.706297959999999891e+00
-1.174213540000000000e+00 -3.270741650000000167e+00
-1.850495400000000012e+00 -3.992234779999999983e+00
-3.702922410000000220e+00 2.491948339999999984e+00
-3.726123799999999875e+00 2.531599529999999820e+00
-7.001272069999999736e-01 2.542072189999999843e-02
-3.523744380000000120e-01 2.801877209999999785e+00
-8.167780139999999967e-02 -1.972741450000000007e+00
-1.136702330000000094e+00 -1.089446020000000015e+00
4.013872869999999815e-01 -1.621403170000000005e+00
2.090271909999999789e+00 -3.596375510000000109e+00
1.834024600000000005e+00 -2.681237850000000034e+00
-3.036511720000000025e+00 -6.065995069999999822e-01
6.861318950000000472e-01 -3.396867020000000181e+00
-6.661731290000000305e-01 -3.399296250000000130e-01
3.916597889999999804e+00 -3.252841389999999944e+00
2.263793290000000180e+00 3.062066469999999985e+00
-1.147212219999999894e+00 3.300328480000000120e+00
-3.284328679999999778e+00 -2.093442290000000039e+00
-1.162579309999999921e+00 2.274838309999999808e+00
8.448263790000000162e-01 -2.146146260000000083e+00
3.969323430000000208e-01 -2.949444970000000055e+00
-3.512393180000000115e+00 -2.353446219999999922e+00
-2.045865089999999942e+00 1.034694629999999949e+00
-3.043850200000000061e+00 -3.226319349999999808e+00
-1.552927860000000049e+00 5.799268929999999989e-01
1.108384910000000056e+00 1.436222619999999894e+00
-3.790407479999999829e+00 7.054917189999999616e-01
-2.489275740000000070e+00 -3.116087929999999950e+00
1.719137279999999990e+00 3.668269539999999829e+00
-2.042666619999999877e+00 2.752469099999999891e+00
1.507379919999999984e+00 -3.259485849999999907e+00
-6.423408329999999999e-01 3.387662150000000150e+00
9.588750809999999625e-01 -3.206650880000000203e+00
2.043121750000000070e+00 -7.228379990000000088e-01
-2.015545330000000135e+00 -9.473301379999999883e-01
-3.343777259999999973e+00 -3.114839520000000084e-01
-3.549464910000000195e+00 -1.159222270000000110e+00
2.624610099999999946e+00 -1.862675450000000010e+00
-3.791518309999999947e-01 3.348959899999999767e-01
-4.693713890000000277e-01 1.731333540000000060e+00
-2.263641760000000058e+00 3.605913440000000136e+00
7.031853970000000453e-01 1.654742349999999973e-01
1.047215149999999984e+00 1.743422749999999910e+00
1.599279869999999937e+00 2.537752989999999986e+00
-2.117388140000000085e+00 -2.989831669999999941e-01
-2.150851820000000192e+00 3.562107899999999994e+00
-1.480714019999999964e+00 1.077263260000000056e+00
4.553509920000000100e-01 2.893570630000000143e+00
1.499467630000000051e+00 -4.536210509999999974e-01
-2.099368870000000165e+00 3.697190149999999953e+00
3.837731129999999879e+00 2.469630700000000179e+00
-2.683111929999999923e+00 -3.796531209999999823e-01
1.658061470000000037e+00 1.223450869999999968e+00
-2.891843240000000037e+00 3.677707480000000029e+00
-2.974824519999999861e+00 1.435917150000000087e+00
1.271693170000000039e+00 -2.005533680000000096e-01
-4.951116170000000039e-01 2.664195939999999929e+00
-2.942076979999999953e+00 -3.854982800000000154e+00
-2.754252479999999892e+00 -1.178185269999999951e+00
-1.603393889999999988e+00 -1.251945600000000103e-01
9.478767649999999545e-01 1.799857129999999916e+00
-7.523931950000000146e-01 3.692707210000000018e+00
-2.747657129999999892e+00 -2.613142739999999797e+00
-2.992622009999999833e+00 1.786877639999999934e+00
9.125299429999999493e-04 1.885685300000000009e+00
3.433352719999999803e+00 -3.831866549999999982e+00
7.542854679999999590e-01 8.106453009999999848e-01
-3.608512499999999790e+00 2.318650410000000051e+00
9.642342000000000413e-01 2.715677240000000103e-01
-1.875789730000000100e-01 3.483779499999999807e+00
1.546985679999999919e+00 -1.219514439999999977e+00
3.460767419999999817e+00 -1.069778289999999910e+00
3.614200120000000016e+00 -2.326495430000000031e+00
2.482824550000000130e-01 -3.895550249999999881e+00
-3.900678259999999842e+00 1.433623279999999944e+00
8.093506940000000371e-01 1.162593739999999931e+00
1.219132850000000046e+00 1.377008659999999995e+00
-3.983567859999999961e+00 8.459348020000000412e-01
3.055358899999999767e-01 -3.300178910000000077e+00
1.320328020000000047e+00 9.209376769999999546e-01
-2.927064409999999839e+00 2.465502690000000108e+00
2.193873979999999779e+00 -3.855082220000000115e-01
3.792099490000000017e+00 -4.929117539999999797e-01
-1.655423990000000067e+00 1.395782770000000061e+00
9.662147719999999995e-02 3.426657249999999877e+00
1.185255839999999949e+00 -3.661855670000000007e+00
-2.311904649999999783e+00 3.097435030000000200e+00
-1.454770829999999959e+00 -3.953548909999999861e+00
-1.130629129999999982e+00 1.848457259999999991e+00
-3.496010210000000118e+00 -2.400913420000000187e+00
-3.045598099999999864e+00 -1.711043389999999942e+00
9.306607289999999644e-01 -1.925533729999999943e+00
-3.591995520000000219e+00 2.386407849999999886e+00
1.407833670000000037e+00 2.540861200000000153e+00
2.055699409999999894e+00 -3.409794080000000172e+00
-8.893941219999999814e-02 1.018730799999999936e+00
7.496232830000000291e-01 -3.212119229999999881e+00
-3.741456700000000080e+00 2.725802149999999813e+00
-1.599321889999999913e+00 -1.899357959999999901e+00
-9.850044629999999968e-01 1.030304169999999964e+00
2.717243979999999781e-01 -1.449961180000000072e+00
1.892525599999999919e+00 3.563614160000000197e+00
3.821691330000000164e+00 -5.565631020000000317e-01
4.288483719999999777e-02 3.247683059999999955e+00
1.644232329999999909e+00 -3.339866849999999943e+00
1.137357519999999900e+00 -5.705743840000000455e-01
5.348522089999999674e-01 1.391825770000000018e-01
-3.240930280000000163e+00 3.461864460000000143e+00
-1.194256720000000049e+00 2.701446830000000077e+00
-3.258814049999999796e+00 2.743930690000000006e+00
3.966642339999999933e+00 -3.467114500000000099e+00
-4.184052950000000104e-01 5.330076860000000361e-01
-3.715540809999999805e+00 5.816674630000000512e-01
-3.276402710000000162e+00 3.313142730000000036e+00
3.957827029999999802e+00 -1.136515909999999963e+00
1.680277089999999918e+00 -5.996705300000000349e-01
1.115557799999999933e+00 3.915327099999999838e+00
3.201102999999999810e+00 -3.980535880000000137e+00
1.162324300000000088e+00 -2.945116710000000165e-02
1.446014909999999931e+00 -6.448525000000000507e-01
-8.595554439999999463e-01 -3.236775479999999816e-01
2.456530760000000146e+00 2.340471560000000117e+00
-6.816645190000000243e-01 3.655601170000000177e+00
-8.607277349999999938e-01 1.877014409999999911e+00
3.701079220000000003e+00 -3.822081760000000106e+00
-4.066727829999999821e-01 -3.871628279999999922e+00
3.472411989999999893e+00 -3.685940770000000200e+00
2.172656789999999893e-01 -1.808982599999999996e+00
1.564670489999999914e+00 3.917912269999999975e+00
-3.323081440000000164e+00 -3.484308870000000002e+00
