2.60086018 -1.67771413 1 0 0
-2.58612081 0.700746871 0 1 0
3.21367999 -3.67793805 0 0 1
1.25102279 -0.401444972 0 0 1
0.196898562 1.24064769 0 0 1
-2.68508779 2.69560102 0 0 1
2.76060444 1.79324324 1 0 0
3.43027728 -0.84090256 1 0 0
2.64033606 1.02553612 1 0 0
-0.217095445 2.00767981 0 1 0
-0.302567817 -1.80893808 0 1 0
2.10837585 -1.31874194 0 1 0
2.40925959 2.72392147 0 1 0
3.40069807 1.79817611 0 0 1
-3.29267322 -0.0803758075 0 1 0
-0.329339151 2.72967726 1 0 0
-1.43370543 -3.97321293 1 0 0
1.27618755 1.02548074 1 0 0
-0.0989617281 -3.56566603 1 0 0
0.614344129 1.15025894 0 1 0
0.868894218 1.7071609 1 0 0
3.20899475 -0.896537407 1 0 0
2.55430919 -0.202178215 1 0 0
3.15838814 -2.14742501 1 0 0
3.89034998 -2.88010478 0 1 0
1.76841332 3.7426564 0 0 1
3.9361134 -0.984963825 0 0 1
-1.18414616 -0.219236238 1 0 0
-2.10159525 -1.53529789 0 0 1
-3.3883234 -0.766349377 0 1 0
-2.67373362 -0.444567352 0 0 1
2.95665041 0.499600003 1 0 0
-0.364606796 -1.8523856 0 1 0
-1.57549765 2.38248493 0 0 1
-3.96534147 1.07404886 1 0 0
-3.46401931 3.11512315 1 0 0
-2.76974402 -1.54982169 0 1 0
2.17681344 1.98509537 1 0 0
-0.652088729 -3.50339859 0 1 0
-3.47324363 1.42661497 0 1 0
-2.61843805 -0.977585081 0 0 1
2.57733284 1.66360881 1 0 0
-2.78939045 -1.06051684 0 1 0
3.42970887 -2.65843037 0 0 1
-3.52206718 -2.00911837 1 0 0
-3.72483005 2.07787787 1 0 0
-3.38404284 0.896864203 0 1 0
-1.91267762 1.43266237 0 1 0
-3.35928063 3.68263993 1 0 0
0.54314461 3.34793635 1 0 0
-2.78561905 0.31745859 0 0 1
-0.184626099 -1.84014329 0 0 1
1.97684004 -1.2436208 0 0 1
1.7578319 -0.334908905 0 0 1
3.43870078 -1.62454302 0 0 1
-1.11893929 -3.75543448 1 0 0
-1.06480961 -1.93950487 0 0 1
-0.126028769 -3.19248622 0 1 0
-3.47794682 -2.59314526 1 0 0
3.31766065 0.800672978 0 0 1
1.95464879 -3.32598744 1 0 0
0.643079295 3.490924 0 0 1
-2.73809466 2.0150677 0 1 0
-0.128888624 3.27418444 0 0 1
1.42766042 1.00454491 0 1 0
-3.16178781 -0.725532336 0 1 0
1.57276613 -1.32709334 0 1 0
-2.57871504 0.654227732 0 0 1
3.23175436 -2.59840364 0 0 1
2.36525149 0.138312157 0 1 0
-1.40503032 2.41080313 0 0 1
2.79744388 -2.01419567 1 0 0
0.970886744 -0.487880709 0 0 1
-0.646910149 -0.72722648 0 0 1
-1.67516466 0.158478707 1 0 0
0.630277115 1.82658618 1 0 0
1.59510403 -2.81748602 0 1 0
1.30686189 1.76987958 0 1 0
-0.246734558 3.46034647 0 0 1
-0.925569233 3.64080256 0 1 0
-2.84069335 0.534393787 0 0 1
-0.375578542 -3.67263033 1 0 0
0.405411199 -2.33693283 0 1 0
3.35725143 0.754647254 0 0 1
3.17072029 1.32636431 1 0 0
-0.726099317 2.76828121 0 0 1
2.47628842 2.9556537 0 0 1
3.2395355 -3.38327733 0 0 1
1.87212578 2.13964458 1 0 0
1.50598996 -2.03517146 1 0 0
0.958310867 -1.16220659 0 0 1
2.20976385 -2.63499468 1 0 0
-1.76243672 -2.76341742 0 1 0
0.953660174 3.72862866 0 0 1
0.459650763 3.43523397 0 0 1
-3.34526046 -2.9711735 1 0 0
1.16553336 -2.54384614 0 1 0
0.628058754 2.8542482 0 0 1
1.84717823 -1.97576435 0 1 0
-0.502613271 0.0168661255 0 0 1
1.12694251 -2.70044274 0 1 0
1.99432321 3.08841249 0 0 1
-1.60149041 1.24183207 0 0 1
0.0801462202 0.349676354 0 1 0
-0.794908285 -0.742862954 0 1 0
2.62307462 3.31661003 0 1 0
-3.31365756 1.74868671 0 1 0
-3.22118338 1.19273254 0 1 0
0.406313705 -0.584353072 0 1 0
1.91261163 -3.41806488 1 0 0
0.0234182485 -3.80829943 1 0 0
-2.3121147 -0.425279291 0 0 1
-1.7676782 1.99358246 1 0 0
-1.58189969 0.974984977 1 0 0
3.76875729 -2.695043 0 0 1
-3.53620815 0.393100455 0 1 0
-1.16744578 -0.741725789 0 0 1
-3.80267799 0.584759992 0 1 0
0.724315718 -2.09314759 0 0 1
0.544494598 2.56611422 0 0 1
2.30668383 1.61242017 0 0 1
0.435189825 -0.799704211 1 0 0
-0.317815085 -1.25921597 1 0 0
-3.04687302 2.09286748 0 0 1
2.12437742 -0.354555866 1 0 0
-0.98264809 2.18818362 1 0 0
1.93841975 -3.48951772 1 0 0
1.15835738 -2.34094407 0 1 0
-3.89078816 2.33123461 1 0 0
-0.104456917 2.48496736 1 0 0
-0.0413969364 -3.46636121 0 1 0
-3.28116766 -2.03432635 0 1 0
0.872284216 -3.59783789 1 0 0
-2.6047906 1.28267308 0 0 1
-2.30769113 -3.10057826 0 1 0
0.522591006 0.961795285 0 1 0
0.525280603 -3.44376286 1 0 0
2.60762767 1.62848551 1 0 0
1.75617229 0.542442448 0 1 0
-0.258147795 0.410881637 0 1 0
1.88946241 -0.130443534 1 0 0
2.72972712 -3.61604297 0 0 1
-2.74083372 -2.93816212 1 0 0
-1.49184527 3.58376633 0 0 1
-1.84769153 1.24469025 1 0 0
3.82132922 1.64751333 0 0 1
-3.97143541 -2.29490789 1 0 0
-1.79403963 0.601428465 1 0 0
3.34344762 1.70016855 0 0 1
-3.16348771 2.1868285 0 1 0
3.68288835 -0.612287735 1 0 0
-3.46128318 1.20885988 0 1 0
-2.79674665 -2.28961801 0 1 0
2.96008517 -3.67817845 0 0 1
0.160339622 0.715490464 1 0 0
3.75076073 1.99311339 0 0 1
3.4585785 -3.99012163 0 0 1
-1.15970423 0.788860768 1 0 0
3.77815527 0.474886122 0 0 1
-3.34807421 -0.388718665 0 1 0
0.0875171365 3.38036713 0 1 0
0.48802397 -0.637960516 0 0 1
-0.547484242 3.23278106 0 0 1
-2.19091717 2.03656227 0 0 1
-1.80325605 -3.61703805 1 0 0
-3.84543157 -3.30203799 0 0 1
2.90861034 1.23929238 1 0 0
2.5881742 1.87788097 0 0 1
2.10110092 3.61575488 0 1 0
-3.37723601 -2.96420253 1 0 0
-0.281969999 3.40437998 0 1 0
0.0764177577 -0.358613614 0 0 1
3.2404851 -0.303671313 1 0 0
-0.420455974 -2.60029396 0 1 0
0.363489704 0.662347594 0 1 0
-3.5920325 2.14030958 1 0 0
1.23395098 -0.39135019 0 0 1
-0.89238932 0.642529728 1 0 0
0.787031391 -0.0628900416 0 1 0
-3.11950927 -1.35281905 0 1 0
-3.24835559 -1.28195386 0 1 0
-1.75450217 3.01459301 0 0 1
-3.13130907 1.01611109 0 1 0
0.556364207 -1.49136417 0 0 1
-2.07108726 2.33003739 0 1 0
-0.85113317 2.89590332 0 0 1
-0.243640377 3.4004261 0 1 0
-3.17096038 3.77922349 1 0 0
2.42047275 -0.672091571 0 1 0
-1.1744769 -0.729503609 0 0 1
2.75376671 -3.96750527 0 1 0
-3.05210194 2.13045879 0 0 1
-3.78450909 -2.68011961 1 0 0
2.8104166 2.11590541 0 0 1
2.35560236 0.350675315 1 0 0
0.132836096 -1.22547908 0 0 1
-3.21485334 -0.662208501 0 1 0
2.85909694 -1.69829263 1 0 0
3.09216871 3.7572383 0 1 0
2.88616673 0.251343337 1 0 0
-3.58823404 -1.43859846 0 1 0
0.323354988 1.68062356 1 0 0
3.4963477 2.85283976 0 0 1
3.87981196 -3.80301996 0 1 0
-2.98374777 -1.37511177 0 1 0
-1.10731724 -3.80214431 1 0 0
1.08482328 -0.604081559 1 0 0
-2.7985625 3.93358153 1 0 0
3.46170517 -1.78232137 1 0 0
1.65399132 3.4308707 0 0 1
3.64889109 -1.99442634 0 1 0
-2.97052036 0.234577817 0 1 0
-1.74468 -2.20604831 0 0 1
-3.70025767 3.49973779 1 0 0
-0.739361466 -1.4344543 0 0 1
-3.67931496 -0.794894164 0 1 0
1.06075757 -0.0209511733 0 0 1
-3.95917405 3.43450791 1 0 0
0.166968233 1.0048291 0 1 0
-2.26945157 3.72229917 0 1 0
-1.88785413 1.86204672 0 0 1
-1.16276626 -1.97196954 0 1 0
-2.91245318 -0.404123408 0 0 1
3.9557882 1.25526748 0 0 1
-0.423512394 3.09680992 0 0 1
2.49479289 0.106233963 0 1 0
-2.89612078 -3.95528055 0 0 1
-1.02186962 2.55965382 0 1 0
3.99247202 -0.341723908 1 0 0
-1.36175251 -0.266820998 1 0 0
-3.12083399 3.75558746 1 0 0
0.00939581402 -1.20924267 1 0 0
3.01325949 3.02174985 0 0 1
3.85587156 -0.224054484 0 0 1
-1.79879098 -1.54264673 0 0 1
3.61079684 -1.57700378 0 0 1
-2.28754714 0.715181625 0 0 1
-1.93816702 1.38467518 0 0 1
0.0256529704 -2.32600795 0 1 0
1.42617253 -2.67722472 0 1 0
2.38815362 -0.400452694 0 1 0
2.00991606 3.60577002 0 1 0
-0.265324907 1.35186685 0 1 0
-1.52664496 -0.38426587 1 0 0
0.984596622 1.66813988 0 1 0
-2.01503792 2.30872744 0 0 1
2.21033439 0.754652518 0 1 0
-0.165739272 -1.27913345 0 0 1
0.569017662 3.5734601 0 0 1
3.9557595 2.22685227 0 1 0
0.644766204 1.83754866 0 1 0
0.957560527 0.676926342 0 1 0
-2.07516818 -3.32623261 1 0 0
-1.47669733 -2.24392264 0 1 0
3.36292599 1.01185428 1 0 0
1.65936873 -1.25194386 0 0 1
-1.63701676 -2.00650323 0 0 1
-0.599058373 1.22687384 0 1 0
-1.11486942 2.58997984 0 0 1
-3.4658355 2.885709 1 0 0
-2.63194012 -3.66125515 1 0 0
2.15852488 -3.07904933 1 0 0
3.65701282 1.92423519 0 0 1
1.88423957 -0.564158165 1 0 0
-0.266194581 -1.51930075 1 0 0
-1.80926781 -0.708203612 0 0 1
-3.16571866 3.69180608 1 0 0
2.04854658 -3.63088506 1 0 0
-1.02744943 1.01816539 0 1 0
0.60305426 -3.72045101 1 0 0
-3.71080505 -3.67441113 0 0 1
-3.00837235 -2.74625502 1 0 0
-3.62031242 3.773525 1 0 0
-2.94277237 -1.10514206 0 1 0
2.17494601 2.75561388 0 1 0
1.34347512 -2.49468192 0 1 0
-1.32320255 -3.18104514 0 1 0
0.940612883 -0.0633428621 0 0 1
2.09943849 -1.54169754 0 1 0
2.0303086 2.88915077 0 0 1
0.0283041619 3.00600509 0 1 0
-0.484723979 -1.92317633 0 0 1
0.730388598 -3.19224421 1 0 0
3.89765998 0.970514224 0 0 1
2.35383027 2.45292492 0 0 1
0.55495881 -1.65016596 0 0 1
-0.250234401 3.99329525 0 1 0
-3.54994813 3.73940073 1 0 0
-3.79895007 1.36314345 0 1 0
1.29783824 0.699607563 0 1 0
-3.36007355 -1.64118078 0 1 0
2.69546623 1.10133139 1 0 0
-1.34875495 2.88410618 0 0 1
2.39181007 -2.8539355 1 0 0
-2.5637726 3.37849218 0 1 0
1.51144043 0.323936084 0 1 0
3.01354529 1.01150109 1 0 0
-3.27038671 2.33664771 0 1 0
0.107369209 3.763618 0 0 1
-2.88017627 -2.41109269 0 1 0
-3.60126349 0.262027826 0 0 1
1.55935362 0.272239683 0 1 0
1.26839003 1.81259771 1 0 0
-0.566379325 1.01248678 0 0 1
0.753226799 -0.0431953812 1 0 0
-0.116566141 -3.65282436 1 0 0
1.64535996 -0.406812072 0 1 0
1.20546203 2.76006499 1 0 0
3.3893134 -3.4234085 0 0 1
2.49842312 1.77839592 1 0 0
0.178913104 -3.61008832 1 0 0
2.85500516 1.51062136 1 0 0
2.29615081 0.468946428 1 0 0
-2.71063791 -3.71971574 1 0 0
-3.66742446 -1.97034448 1 0 0
-3.74315197 -0.943290277 1 0 0
-0.11832905 0.62918097 0 1 0
3.83024777 -3.46580166 0 0 1
0.974003096 1.53406689 1 0 0
3.55278205 2.81919988 0 1 0
-2.20016008 -0.613086269 0 0 1
-3.59673321 -3.54866487 0 0 1
1.57105302 -1.25829908 0 1 0
2.01051069 2.84382358 1 0 0
0.514122201 -1.84057754 1 0 0
3.02828507 0.0174367157 1 0 0
0.065201133 -2.80695685 0 1 0
1.99504908 2.73739851 0 0 1
0.793807123 -2.13955824 0 1 0
1.59445594 -1.77078235 0 1 0
-0.900218177 2.78416312 0 0 1
3.03905618 0.408253788 0 1 0
-1.11908446 3.20717234 0 0 1
-3.38565799 -1.25455649 0 1 0
-2.85338091 -3.68982907 1 0 0
0.557628589 2.5849721 1 0 0
-3.32059607 -3.93878813 0 0 1
-0.914713132 -2.58520034 0 1 0
0.954199187 0.428889625 0 0 1
0.610000312 1.80546739 1 0 0
0.519461586 -3.59769692 1 0 0
-3.81563716 -0.128784047 0 1 0
1.72093201 -0.799073071 0 1 0
-0.257459558 -3.56603612 1 0 0
3.80787799 -0.737772458 0 0 1
-3.28841544 -0.988011228 0 1 0
1.96666068 -2.91486694 1 0 0
3.66985106 0.179082398 0 0 1
1.98887509 2.73647093 0 0 1
1.69966763 0.109414525 0 1 0
-2.31765767 -3.30383398 1 0 0
-3.864716 -3.83473491 0 0 1
1.76020444 -3.14749575 1 0 0
-2.35636024 -2.28095542 1 0 0
-3.02110327 -0.321897402 0 0 1
2.59347711 1.16593604 1 0 0
2.9048149 0.335875567 0 1 0
2.39452242 3.42821462 0 0 1
1.4157621 3.17555832 0 0 1
-2.64248314 -1.82246586 0 1 0
-0.763960294 1.56632016 1 0 0
-0.403983713 1.03644278 0 1 0
2.6189518 3.95663787 0 1 0
-0.627334521 -1.77799673 0 0 1
0.474787191 -2.6427589 0 1 0
-1.08710106 1.21905256 1 0 0
-0.428205897 -1.87500365 0 0 1
3.03555535 2.50191681 0 0 1
1.99698585 0.389598031 0 1 0
-1.22004592 -0.914728127 0 0 1
-2.11471987 -0.265437949 0 0 1
-0.931869056 -2.19274689 0 0 1
3.27916299 2.09585907 0 1 0
-3.27817541 -0.42061068 0 0 1
-3.2342423 2.98073304 0 1 0
2.12980191 1.75082959 1 0 0
-3.2925191 0.627032942 0 1 0
1.82215377 1.04549814 0 1 0
-2.84996743 -0.379932053 0 1 0
-0.231513056 3.19634124 0 1 0
-0.73138757 -2.93914929 0 1 0
-3.36999592 -0.785173841 0 1 0
1.48198476 -0.462768238 0 0 1
-3.32841917 -1.61171996 1 0 0
1.50816222 3.0369787 0 0 1
-0.280454295 3.91480267 0 0 1
-2.76412802 2.21473933 0 1 0
0.533482298 -1.00283964 1 0 0
0.728461727 -2.53701733 0 1 0
-0.320342674 3.12823356 0 0 1
0.727913644 0.673017725 0 0 1
-2.24440968 -0.360418362 0 0 1
-2.27773821 -3.13215658 1 0 0
-2.05206021 -0.119568144 0 1 0
3.18984864 1.23075338 0 1 0
0.356593006 -1.21255494 0 0 1
-2.06923319 -0.400302685 0 0 1
-1.06668621 -0.59149279 1 0 0
-3.39111432 -3.04469266 1 0 0
-3.24126622 -1.68165562 0 1 0
