9.096523394813460506e-02 4.890347660518653550e-01 5.799999999999999600e-01 1.702729830285655208e-02 5.060620643547218966e-01
1.237984237933621445e-01 4.912015762066378466e-01 6.149999999999999911e-01 1.821685052218197445e-02 5.094184267288198731e-01
8.831313565026072121e-02 5.483131356502607412e-01 4.600000000000000200e-01 1.961403883373535537e-02 5.679271744839961000e-01
1.269146423880170849e-01 5.830853576119828796e-01 7.099999999999999645e-01 1.414571782424877376e-02 5.972310754362316620e-01
7.317314299312593917e-03 6.126826857006874016e-01 6.199999999999999956e-01 1.977864910652707420e-02 6.324613348072144481e-01
7.401254232954201928e-02 4.690125423295420370e-01 3.950000000000000178e-01 3.015734859298171283e-02 4.991698909225237291e-01
1.003117415396226342e-02 6.499688258460377677e-01 6.600000000000000311e-01 2.166492866941605033e-02 6.716337545154538180e-01
4.253578109598543655e-02 5.175357810959854143e-01 4.749999999999999778e-01 2.119953392403445269e-02 5.387353150200198115e-01
1.336392820153621264e-01 5.186392820153621352e-01 3.850000000000000089e-01 2.222291660920540715e-02 5.408621986245675251e-01
1.196976569860894735e-01 5.953023430139104955e-01 7.149999999999999689e-01 1.434312023828326725e-02 6.096454632521937089e-01
5.782273358258072093e-02 4.471772664174192835e-01 5.050000000000000044e-01 1.568781383260175674e-02 4.628650802500210437e-01
8.969219288445573479e-02 4.953078071155442297e-01 5.849999999999999645e-01 1.521491443393559878e-02 5.105227215494798632e-01
1.854034037998703033e-02 4.635403403799870370e-01 4.450000000000000067e-01 2.077879542563508194e-02 4.843191358056221363e-01
2.789242249735240931e-02 4.628924224973524071e-01 4.349999999999999978e-01 2.154107080563114757e-02 4.844334933029835755e-01
1.008696620384008646e-02 6.499130337961599446e-01 6.600000000000000311e-01 2.157860995373651891e-02 6.714916437498964497e-01
5.165484991375801638e-02 4.566548499137580430e-01 4.050000000000000266e-01 2.119926564739470914e-02 4.778541155611527591e-01
9.237355119472412390e-02 4.426264488052759072e-01 5.350000000000000311e-01 1.755590077128043117e-02 4.601823495765563488e-01
1.682877011549538393e-01 5.167122988450462140e-01 6.850000000000000533e-01 1.963124516733217445e-02 5.363435440123783815e-01
4.377124735100756947e-02 4.762287526489924483e-01 5.200000000000000178e-01 1.662458115495934335e-02 4.928533338039517986e-01
8.713437797094958359e-02 5.278656220290504075e-01 6.149999999999999911e-01 1.587450560832750698e-02 5.437401276373778902e-01
5.509676826743403755e-02 4.949032317325660069e-01 5.500000000000000444e-01 2.423564819178030544e-02 5.191388799243462637e-01
5.782593155635973314e-02 4.421740684436402669e-01 5.000000000000000000e-01 1.833278741506046486e-02 4.605068558587007144e-01
1.329634866464483034e-01 5.020365133535517055e-01 6.350000000000000089e-01 2.774719859089026450e-02 5.297837119444419596e-01
1.777277202486678975e-01 4.772722797513321291e-01 6.550000000000000266e-01 1.688133292970796923e-02 4.941536126810400775e-01
2.153043359905310039e-02 4.565304335990530982e-01 4.349999999999999978e-01 2.037177172207486897e-02 4.769022053211279810e-01
1.456099568071256289e-02 4.945609956807125451e-01 4.799999999999999822e-01 2.317349471375047820e-02 5.177344903944630650e-01
2.026828732310864689e-02 4.047317126768913420e-01 4.249999999999999889e-01 2.189113582127365926e-02 4.266228484981650082e-01
7.094670689508564276e-02 4.759467068950856694e-01 4.050000000000000266e-01 2.093966108046294017e-02 4.968863679755486373e-01
8.602470649921534207e-02 6.710247064992153065e-01 5.849999999999999645e-01 1.872006345804432328e-02 6.897447699572596402e-01
7.330338527247037828e-02 4.583033852724703872e-01 3.850000000000000089e-01 1.433525795718146659e-02 4.726386432296518780e-01
3.537202938007877329e-02 6.696279706199211867e-01 7.049999999999999600e-01 2.370124844009459386e-02 6.933292190600157667e-01
6.376147903678186513e-02 5.712385209632181438e-01 6.350000000000000089e-01 2.285642769646533540e-02 5.940949486596834861e-01
2.238253730361128291e-04 4.702238253730360862e-01 4.699999999999999734e-01 1.523798758178043430e-02 4.854618129548164962e-01
1.080546367828894017e-01 4.919453632171105761e-01 5.999999999999999778e-01 1.455658540198053776e-02 5.065019486190911469e-01
6.309767030303847779e-02 6.569023296969614956e-01 7.199999999999999734e-01 2.425851618615697258e-02 6.811608458831184265e-01
2.440589066214160496e-02 6.544058906621416094e-01 6.300000000000000044e-01 2.312345967306698308e-02 6.775293503352085578e-01
1.408479229859765924e-02 4.640847922985976703e-01 4.500000000000000111e-01 1.766225947990687772e-02 4.817470517785045203e-01
7.078662292638815412e-02 4.557866229263881630e-01 3.850000000000000089e-01 1.298114942127251252e-02 4.687677723476606495e-01
2.279917198299052927e-02 4.622008280170094574e-01 4.849999999999999867e-01 2.269677861923668355e-02 4.848976066362461479e-01
7.039940003464384422e-02 6.696005999653561469e-01 7.399999999999999911e-01 2.015447126889080565e-02 6.897550712342469525e-01
7.771331049720997530e-02 5.572866895027900336e-01 6.350000000000000089e-01 1.988664616767384791e-02 5.771733356704639162e-01
7.188317494117690831e-02 4.668831749411769261e-01 3.950000000000000178e-01 2.948564812183785550e-02 4.963688230630147746e-01
3.765697767281606101e-02 5.873430223271839390e-01 6.250000000000000000e-01 2.153096305049180190e-02 6.088739853776757860e-01
1.301606481082018263e-02 6.369839351891798396e-01 6.500000000000000222e-01 2.029859580106612577e-02 6.572825309902459168e-01
7.647404421341719161e-02 5.785259557865828350e-01 6.550000000000000266e-01 1.966034725156544719e-02 5.981863030381482371e-01
5.429721478183113792e-02 4.957027852181689065e-01 5.500000000000000444e-01 1.271620274339793980e-02 5.084189879615668151e-01
5.643547092462530834e-02 6.485645290753746517e-01 7.049999999999999600e-01 2.220781042972780339e-02 6.707723395051023996e-01
9.523976458196348194e-02 6.152397645819634997e-01 5.200000000000000178e-01 2.908963267130049504e-02 6.443293972532639913e-01
4.229934551362601880e-02 4.627006544863739856e-01 5.050000000000000044e-01 1.178229941964054235e-02 4.744829539060145263e-01
1.611608344156247874e-01 5.938391655843752170e-01 7.550000000000000044e-01 1.448071689870722087e-02 6.083198824830824414e-01
1.496472919430639759e-01 4.796472919430639914e-01 3.300000000000000155e-01 2.030510643542752722e-02 4.999523983784915360e-01
3.804841936737912711e-02 5.130484193673791049e-01 4.749999999999999778e-01 1.787816163731210939e-02 5.309265810046912559e-01
1.610441139467208016e-01 4.439558860532791806e-01 6.049999999999999822e-01 1.800297491775653194e-02 4.619588609710357230e-01
4.754975915047160440e-02 4.825497591504716022e-01 4.349999999999999978e-01 2.133162798913916525e-02 5.038813871396107258e-01
1.778573978520642251e-02 4.577857397852064247e-01 4.400000000000000022e-01 2.308562505479892779e-02 4.808713648400053664e-01
7.902679335966344976e-02 4.640267933596634586e-01 3.850000000000000089e-01 1.978084318172508571e-02 4.838076365413885305e-01
3.473694790243553321e-02 6.702630520975644268e-01 7.049999999999999600e-01 2.004647501906972953e-02 6.903095271166341806e-01
9.267260386448206155e-03 4.907327396135517938e-01 5.000000000000000000e-01 1.426047697509976939e-02 5.049932165886515945e-01
1.715216770810793490e-01 4.334783229189206333e-01 6.049999999999999822e-01 1.787288303658060226e-02 4.513512059555012113e-01
1.104193880770864000e-01 4.645806119229135556e-01 5.749999999999999556e-01 1.204955436736706263e-02 4.766301662902805991e-01
4.328351309977107597e-03 6.606716486900229279e-01 6.650000000000000355e-01 2.055013320111418601e-02 6.812217818911371348e-01
1.305956147956124358e-01 6.544043852043875953e-01 7.850000000000000311e-01 2.095446111780138732e-02 6.753588463221890104e-01
2.668998690478352476e-02 4.833100130952164841e-01 5.100000000000000089e-01 1.480290574589357942e-02 4.981129188411100861e-01
5.588132726409567042e-04 4.055588132726409833e-01 4.050000000000000266e-01 2.145194405046408140e-02 4.270107573231050613e-01
1.190015494662233220e-02 4.680998450533776500e-01 4.799999999999999822e-01 1.697150867555551751e-02 4.850713537289331745e-01
2.871726181552419765e-02 4.737172618155242043e-01 4.450000000000000067e-01 2.097620546461542723e-02 4.946934672801396315e-01
8.966193938565952815e-02 4.046619393856595304e-01 3.150000000000000022e-01 2.163334613257514305e-02 4.262952855182347012e-01
1.062943664509164998e-01 5.287056335490835091e-01 6.350000000000000089e-01 2.311292506356285928e-02 5.518185586126463926e-01
2.873115958908672996e-02 4.587311595890867233e-01 4.299999999999999933e-01 2.080530798012686367e-02 4.795364675692135870e-01
7.742177955963480684e-02 4.374217795596347935e-01 3.599999999999999867e-01 1.688465787853996036e-02 4.543064374381747816e-01
4.141593937639975742e-02 5.385840606236002026e-01 5.799999999999999600e-01 2.007330573380888133e-02 5.586573663574090354e-01
5.510277605358215869e-03 4.294897223946417819e-01 4.349999999999999978e-01 1.618021300927119377e-02 4.456699354039129757e-01
1.040218193884456799e-01 6.409781806115543157e-01 7.449999999999999956e-01 2.178009588685958856e-02 6.627582764984139008e-01
1.516645196131977125e-02 4.551664519613197735e-01 4.400000000000000022e-01 2.108472377661398806e-02 4.762511757379337407e-01
1.407482542953641946e-03 4.885925174570463492e-01 4.899999999999999911e-01 1.273024821325256795e-02 5.013227656702988755e-01
1.105193263419156913e-01 4.105193263419156802e-01 2.999999999999999889e-01 1.984899171171839241e-02 4.303683180536340691e-01
2.852807252244732306e-02 4.685280725224473253e-01 4.400000000000000022e-01 2.803481345287291843e-02 4.965628859753202229e-01
2.124446101069010773e-02 6.412444610106901033e-01 6.199999999999999956e-01 2.578560418272971000e-02 6.670300651934197855e-01
1.329414286707374937e-01 4.629414286707375092e-01 3.300000000000000155e-01 1.620866972055243910e-02 4.791500983912899692e-01
7.735309932986245141e-02 4.623530993298624603e-01 3.850000000000000089e-01 1.489973025454943353e-02 4.772528295844118973e-01
3.978181170976113901e-02 5.252181882902388077e-01 5.649999999999999467e-01 1.857726532729726474e-02 5.437954536175361175e-01
1.902000940487913461e-01 4.397999059512086584e-01 6.300000000000000044e-01 1.982865805714664059e-02 4.596285640083552781e-01
7.171726251658183671e-03 6.271717262516581792e-01 6.199999999999999956e-01 1.914291749561228273e-02 6.463146437472704342e-01
9.410640299414363419e-02 5.058935970058563436e-01 5.999999999999999778e-01 1.909675122629845428e-02 5.249903482321548465e-01
9.493236635228485820e-02 4.799323663522848671e-01 3.850000000000000089e-01 1.862129177087488291e-02 4.985536581231597708e-01
5.732274534663206467e-02 6.576772546533679042e-01 7.149999999999999689e-01 2.571839319136935004e-02 6.833956478447372751e-01
4.482322968562912902e-02 6.651767703143708355e-01 7.099999999999999645e-01 2.026798269259043675e-02 6.854447530069612826e-01
5.895335460843365016e-02 6.610466453915663232e-01 7.199999999999999734e-01 2.053322783432877038e-02 6.815798732258950832e-01
1.613676114444652088e-01 5.563676114444652265e-01 3.950000000000000178e-01 1.849792415794856634e-02 5.748655356024138241e-01
8.771259051572044552e-02 4.772874094842795012e-01 5.649999999999999467e-01 1.991611418699037669e-02 4.972035236712698536e-01
1.059177078870048860e-01 4.209177078870048883e-01 3.150000000000000022e-01 2.196467819813321259e-02 4.428823860851380800e-01
1.196628799174453972e-01 5.653371200825546561e-01 6.850000000000000533e-01 1.993093387835540020e-02 5.852680539609100840e-01
5.753267080899215902e-02 6.174673291910078854e-01 6.750000000000000444e-01 2.722557415287748389e-02 6.446929033438854040e-01
1.697346836608132348e-02 4.519734683660813213e-01 4.349999999999999978e-01 1.635046645823012845e-02 4.683239348243114497e-01
8.655153824287942221e-04 4.591344846175712258e-01 4.600000000000000200e-01 1.797693564749485232e-02 4.771114202650660885e-01
3.971412614626723681e-02 6.752858738537327321e-01 7.149999999999999689e-01 1.987286977851006678e-02 6.951587436322428371e-01
7.473828532908122213e-03 6.425261714670919000e-01 6.500000000000000222e-01 2.062953078430894427e-02 6.631557022514008581e-01
1.647591181513238801e-01 4.647591181513238690e-01 2.999999999999999889e-01 1.999255172780483453e-02 4.847516698791287104e-01
9.424664241247049379e-03 4.494246642412470516e-01 4.400000000000000022e-01 2.265032446044970213e-02 4.720749887016967294e-01
1.204889677041416363e-01 4.495110322958583149e-01 5.699999999999999512e-01 1.691776793876982599e-02 4.664288002346281270e-01
6.675131770791392638e-02 0.000000000000000000e+00 0.000000000000000000e+00 0.000000000000000000e+00 0.000000000000000000e+00
