1.063043045997619673e+00
1.061508619785308749e+00
1.092955946922302246e+00
8.800545752048491988e-01
1.192093037616359652e-07
5.926819092035293224e+00
9.670857381820678000e+00
8.482509553432464600e-01
1.048437398672103837e+00
1.076921403408050537e+00
9.932485997676849809e-01
7.414324092864990057e+00
1.088792216777801469e+00
1.137940740585327237e+00
1.001227521896362216e+00
5.641333532333374201e+00
9.985096991062164529e-01
1.086681413650512740e+00
9.971390664577484131e-01
5.851238703727721813e+00
1.095626926422119229e+00
1.063794317245483434e+01
1.085624945163726762e+00
1.102245163917541459e+00
1.085365653038024902e+00
1.096929883956909269e+00
1.063794317245483434e+01
1.057532489299774170e+00
1.084269875288009555e+00
1.085324728488922030e+00
1.093668580055236816e+00
1.054991900920867920e+00
9.670857381820678000e+00
6.738008975982666016e+00
3.223619258403779053e+00
1.060862261056900069e+00
1.095163917541503995e+00
8.788507938385009544e-01
8.895134329795837402e-01
1.049195379018783569e+00
6.862345194816589000e+00
1.091383802890777632e+00
9.745776236057281938e-01
1.032707631587982178e+00
2.256533503532412333e+00
1.030599892139434814e+00
1.094968724250793501e+00
9.872473180294036865e-01
9.672391295433044878e-01
9.670857381820678000e+00
1.039189302921295077e+00
1.092140614986419678e+00
1.095269381999969482e+00
1.192739095687866246e+01
1.086938720941543535e+00
1.063794317245483434e+01
1.011659258604049594e+00
2.461544501781463445e+00
4.835428798198701195e+00
1.085433614253997758e+00
1.064201092720031827e+00
9.395615816116332786e-01
5.157790660858154297e+00
1.085908752679824785e+00
3.876041865348816007e+00
1.034452474117279142e+00
1.092483222484588623e+00
1.100243377685546919e+00
1.096535253524780318e+00
7.575505018234252930e+00
1.084528231620788485e+00
1.091141325235366777e+00
1.069425404071807861e+00
1.089516127109527499e+00
3.384800207614899747e+00
9.084665536880492942e-01
1.091947257518768311e+00
4.351885914802553934e+00
1.091411733627319247e+00
1.066029077768325894e+00
8.506457984447479692e-01
1.109006381034851163e+00
1.028707975149154574e+00
1.089286231994628817e+00
1.089035618305206343e+00
1.091731059551239058e+00
1.095016527175903365e+00
1.092382597923278853e+00
1.059485757350921542e+00
1.077388876676559359e+00
1.084210705757141069e+00
1.092242205142974765e+00
1.090244412422180176e+00
1.093490135669708208e+00
1.097834849357604892e+00
1.089950549602508589e+00
1.100262439250946134e+00
1.091981816291809126e+00
9.386099040508270042e-01
1.009642410278320357e+00
6.126168489456176314e-01
9.510846197605132835e-01
6.124876451492309748e+00
1.040196102857589677e+00
1.079133778810501099e+00
5.934024119377136586e+00
9.508399009704590066e-01
1.097729170322418124e+00
1.091650700569152921e+00
1.087294971942901700e+00
1.013498961925506592e+00
1.096482527256011918e+00
1.192093037616359652e-07
1.061870217323303223e+00
9.316010057926178423e-01
9.599185287952423096e-01
3.007661193609237671e+00
9.740528225898742454e-01
1.092891371250152677e+00
1.089735943078994795e+00
1.007137405872345015e+00
1.084625482559204102e+00
4.351885867118835627e+00
1.050430071353912309e+00
1.094534385204315230e+00
5.963695454597472967e+00
1.094274175167083696e+00
1.063794317245483434e+01
8.135540306568145308e-01
1.160502901077270543e+01
1.023929083347320468e+00
1.010363012552261353e+00
9.640095710754394975e-01
7.627611994743347390e-01
1.085782098770141646e+00
1.088912892341613814e+00
1.192739095687866246e+01
7.091962170600891291e+00
1.192739095687866246e+01
1.096488118171691895e+00
1.091907835006713956e+00
9.097493350505828635e-01
1.093562400341034024e+00
9.602872073650360329e-01
9.899151742458343062e-01
9.324069738388061079e-01
9.775335848331451194e-01
1.090342068672180087e+00
9.797255694866180420e-01
1.063794317245483434e+01
9.980082809925079346e-01
9.670857381820678000e+00
1.005515456199645996e+00
3.917608630657196223e+00
1.097150003910064786e+00
1.096739733219146640e+00
4.996609759330749689e+00
8.891634821891785112e-01
1.089342582225799605e+00
1.024962615966796831e+00
1.079148960113525346e+00
1.050970953702926591e+00
1.051645189523696899e+00
5.165580439567565740e+00
8.667053103446960005e-01
4.315062618255614879e+00
8.446877002716064453e-01
1.090617203712463290e+00
9.894816160202026811e-01
1.020652043819427535e+00
8.426854968070983665e-01
1.031631022691726685e+00
1.192739095687866246e+01
9.324848711490630881e-01
1.027491980791091830e+00
1.192093037616359652e-07
1.030221790075302124e+00
1.093515276908874512e+00
6.447239398956412515e-01
1.085614001750946134e+00
5.963695478439331232e+00
1.098402023315429688e+00
8.948831617832183616e-01
1.067834502458572477e+00
9.670857381820678000e+00
1.098126554489135653e+00
1.450628733634954370e+00
4.667657470703124645e+00
1.091352450847625777e+00
1.038697218894958585e+00
1.113368451595306396e+00
8.264414787292480025e-01
5.801875752210617243e+00
1.088455617427825928e+00
9.970867216587067094e-01
1.032035052776336670e+00
1.101785445213317782e+00
1.079762369394302368e+00
1.056726747751235873e+00
2.615123224258423029e+00
1.089433217048644931e+00
1.017337471246719360e+00
1.064211952686309859e+00
1.049445641040801958e+00
1.046967387199401855e+00
1.096189463138580233e+00
1.092734324932098433e+00
6.826920175552368519e+00
1.089943099021911666e+00
1.048580747842788652e+00
1.063794317245483434e+01
1.096131002902984708e+00
9.768362879753113015e-01
1.063794317245483434e+01
9.022070765495300293e-01
9.670858740806650422e-01
1.093232333660125732e+00
5.819293802976607921e+00
1.085171401500701904e+00
1.044073086977004960e+00
1.014569354057311967e+00
3.586863040924072266e+00
1.065972763299942061e+00
9.111200928688049094e-01
8.124826967716216597e-01
1.015440015792846751e+01
9.140472471714019553e-01
1.091808056831359952e+00
1.093307459354400546e+00
1.090086174011230424e+00
5.108013302087783813e+00
8.484765589237213135e-01
1.089821875095367432e+00
1.074517083168029741e+00
5.318971562385558904e+00
1.079637444019317716e+00
1.063794317245483434e+01
1.084316253662109375e+00
1.093012070655822843e+00
1.094481229782104492e+00
7.391136229038238747e-01
1.097384905815124601e+00
1.094894504547119229e+00
4.674247860908510965e+00
1.057143908739089921e+00
6.242492866516113459e+00
1.081364083290100142e+00
1.094003927707672075e+00
1.043907731771469116e+00
1.101756083965301558e+00
1.021504545211791903e+00
1.005597895383834928e+00
1.057411885261535733e+00
1.034419423341751187e+00
1.076418006420135409e+00
1.085789966583251998e+00
1.091803574562072665e+00
9.670857381820678000e+00
1.075129693746566861e+00
1.066364032030105546e+00
5.641333556175231578e+00
1.096245706081390381e+00
1.094207262992858976e+00
1.101555800437927335e+00
1.089139771461486772e+00
1.069576382637023926e+00
1.095190095901489302e+00
1.073456883430480957e+00
1.089766144752502441e+00
1.029430776834487915e+00
1.079970204830169589e+00
1.096228325366973788e+00
1.076146876811981290e+00
1.094113588333129883e+00
1.092070293426513627e+00
1.091530895233154386e+00
1.084538108110427945e+00
4.686764550209045588e+00
4.590098452568054377e+00
1.082345259189605668e+00
4.446420520544052124e+00
5.776210939884185436e+00
1.072308087348937899e+00
1.062372791767120406e+00
1.093815112113952548e+00
1.096361577510833740e+00
1.096748483180999711e+00
1.045157200098037809e+00
9.233360290527343750e-01
1.097224235534667969e+00
6.195552778244018732e+00
1.094789755344390825e+00
9.229156494140624556e-01
1.096191084384918302e+00
1.091145133972168058e+00
9.797435045242309792e-01
1.094113981723785489e+00
1.096534621715545610e+00
1.095940852165222079e+00
5.896022582054138539e+00
1.091529059410095259e+00
9.756841659545898438e-01
9.920377492904662864e-01
4.675638008117675604e+00
6.809661912918090643e+00
1.192093037616359652e-07
1.088121950626373291e+00
1.053471684455871582e+00
1.086405527591705278e+00
1.089492046833038241e+00
9.478855550289153609e-01
9.314646363258362038e-01
3.062438285350804090e+00
1.095692205429077193e+00
1.097210919857025235e+00
1.066836678981780917e+00
1.090837800502777011e+00
9.549155056476592573e-01
1.092716407775878862e+00
1.095060157775878951e+00
1.088666951656341642e+00
1.075731652975082442e+00
1.031348729133605868e+00
8.937402665615081787e-01
9.410519659519195335e-01
5.929136574268341064e+00
1.083066880702972412e+00
1.097056531906127841e+00
8.935349464416504350e-01
1.095747351646423340e+00
1.192093037616359652e-07
1.093509042263030917e+00
9.238250195980072244e-01
1.192093037616359652e-07
8.710631906986237016e-01
8.562018990516662154e-01
1.086988103389739946e+00
9.366213381290435791e-01
1.026380467414856001e+00
5.927687674760818481e+00
1.081254851818084672e+00
9.824857056140899880e-01
6.540030360221862793e+00
1.093729734420776367e+00
1.021239614486694425e+00
9.186185956001281516e-01
9.041128814220428245e-01
2.061939084529876620e+00
1.089613151550292924e+00
5.906514894962310969e+00
4.706330513954162242e+00
9.313348293304443137e-01
1.192739095687866246e+01
1.090072607994079679e+00
5.889668965339661000e+00
1.015440013408660924e+01
1.097585880756378085e+00
1.096239149570465088e+00
1.084758400917053223e+00
1.085478240251541049e+00
1.095333147048950240e+00
1.092447388172149703e+00
7.485100001096725020e-01
1.192739095687866246e+01
9.332232236862182395e-01
1.094030213356018022e+00
9.889476239681244119e-01
1.067451262474059970e+00
1.086607217788696289e+00
1.093262290954589933e+00
3.898597210645675659e+00
1.070078021287918180e+00
1.036095309257507369e+00
1.016578131914138705e+00
1.052970135211944491e+00
1.096685445308685392e+00
1.084736442565918058e+00
4.637617683410644176e+00
1.078987431526184038e+00
7.091962122917175648e+00
1.096006369590759366e+00
8.521298766136169434e-01
1.085678541660308749e+00
1.089320766925811812e+00
1.095301496982574507e+00
6.854695153236389338e+00
1.094493746757507324e+00
1.087448227405548140e+00
6.447238278388977228e+00
1.087163472175598056e+00
1.096499061584472745e+00
9.435867607593536599e-01
9.670857381820678000e+00
1.095624983310699463e+00
1.060501956939697177e+00
9.402966916561126265e-01
1.093929672241210849e+00
9.297026932239532693e-01
1.031438446044921964e+00
1.095814955234527543e+00
1.050965881347656339e+00
9.670857381820678000e+00
1.094467914104461759e+00
1.029874098300933793e+00
1.095989930629730269e+00
1.088661515712737948e+00
1.092883265018463224e+00
1.087987887859344527e+00
1.096353733539581210e+00
1.070248711109161421e+00
1.000108146667480380e+00
1.093999552726745650e+00
1.085498070716857999e+00
9.617678046226501021e-01
1.090076220035552934e+00
8.807312548160552979e-01
9.670857381820678000e+00
1.192093037616359652e-07
9.659124374389648215e-01
1.024333065748214810e+00
4.498940873146056951e+00
1.095171618461608931e+00
5.244872492551803767e+00
1.074549323320388883e+00
8.512135088443756326e-01
1.102721887826919600e+00
8.602080345153808594e-01
1.091238284111022860e+00
4.687818360328674494e+00
1.063794317245483434e+01
1.065539819002151445e+00
5.865110528469085871e+00
7.253143095970154164e+00
9.031354844570159690e-01
1.098122620582580478e+00
1.000944101810455233e+00
9.653332233428955078e-01
1.098773419857025146e+00
1.091155791282653720e+00
1.093418341875076250e+00
1.029492527246475220e+00
1.093878555297851607e+00
9.678170442581176536e-01
9.766295075416564497e-01
1.096192908287048295e+00
1.192739095687866246e+01
1.096313977241516024e+00
1.518906521797180220e+00
1.086446201801300138e+00
8.486544609069823775e-01
4.686353349685669301e+00
1.098178625106811523e+00
1.192739095687866246e+01
6.858369517326354803e+00
1.074308216571807861e+00
1.096290522813796908e+00
9.119790494441986084e-01
1.063794317245483434e+01
6.760102844238280895e+00
9.991686224937439409e-01
1.063794317245483434e+01
7.414324021339416149e+00
1.091122150421142578e+00
1.028710508346557528e+00
5.457140016555785955e+00
1.028230887651443437e+00
1.020792281627655118e+00
9.817734241485596147e-01
1.091626608371734530e+00
9.640165269374847412e-01
1.090575528144836381e+00
5.921642792224884211e+00
1.010929137468338013e+00
1.192093037616359652e-07
1.093790125846862749e+00
8.978757381439208540e-01
1.102808916568756015e+00
1.091540217399597168e+00
1.060210144519805997e+00
9.306804418563843218e-01
9.974811077117919922e-01
1.097341692447662442e+00
1.095600318908691362e+00
1.093327581882476807e+00
1.065567022562027066e+00
1.089469885826110929e+00
1.093752551078796431e+00
3.597108852863311945e+00
6.447238349914551137e+00
1.095329248905181796e+00
1.033295673131942705e+00
9.507356464862823930e-01
1.009913909435272261e+00
1.096492040157318160e+00
4.623144435882568182e+00
9.991010129451751709e-01
2.417714464664460827e+00
8.548082590103149858e-01
1.088048088550567671e+00
1.098864412307739347e+00
1.091560685634612948e+00
6.857723665237426935e+00
1.090654474496841386e+00
5.563378185033798218e+00
9.670857381820678000e+00
9.740217626094818115e-01
1.091718590259552091e+00
3.847969567775726407e+00
1.116917443275451616e+00
1.099831914901733487e+00
1.090658402442932218e+00
1.096048772335052490e+00
1.087491881847381547e+00
1.091676568984985440e+00
1.192739095687866246e+01
8.697290837764739546e-01
1.063794317245483434e+01
9.670857381820678000e+00
1.097176027297973588e+00
1.027490925788879350e+00
1.098894858360290439e+00
1.192093037616359652e-07
1.019965034723281816e+00
1.192739095687866246e+01
1.088540387153625444e+00
1.192739095687866246e+01
9.587749481201172097e-01
1.093330991268157915e+00
5.850210452079773304e+00
9.929939031600951704e-01
1.057936292886733964e+00
1.096215236186981246e+00
1.098353487253189043e+00
1.087517011165618941e+00
1.022566282749175937e+00
1.092765164375305131e+00
1.073231703042984098e+00
9.129949510097503662e-01
5.924169039726256969e+00
1.042009454965591386e+00
1.102047419548034757e+00
1.095579922199249268e+00
1.192093037616359652e-07
1.098897576332092285e+00
1.090750956535339267e+00
1.092219877243042037e+00
1.089911794662475675e+00
1.091715335845947266e+00
1.097643613815307617e+00
9.222106933593750000e-01
1.192739095687866246e+01
1.041348087787628218e+00
1.025622862577438399e+00
4.652027916908264338e+00
8.681058108806609663e-01
1.005201959609985263e+00
5.856363397836685358e+00
1.083526682853698686e+00
1.007233715057373136e+00
9.568295240402221458e-01
1.093135523796081587e+00
1.050152820348739580e+00
8.569062829017639604e-01
1.097365331649780229e+00
1.089403116703033358e+00
9.670857381820678000e+00
8.454678297042846902e-01
1.192739095687866246e+01
1.004780286550521762e+00
9.967036843299865723e-01
1.098790299892425493e+00
1.096467638015746981e+00
1.095527482032775834e+00
1.056027054786682129e+00
1.095781791210174605e+00
1.085860878229141235e+00
1.093912017345428422e+00
6.858147573471069514e+00
1.096335673332214267e+00
1.094483983516693071e+00
1.096589565277099609e+00
1.094531619548797519e+00
4.682119059562682928e+00
1.096734046936035156e+00
1.088661754131317050e+00
9.123072385787963645e-01
1.108859026432037265e+00
1.092432212829589799e+00
1.097313082218170255e+00
6.858199048042297186e+00
1.088991856575012296e+00
1.093909728527069136e+00
1.028274321556091220e+00
1.097343850135803267e+00
9.786918640136719194e-01
4.825084844231605885e+00
6.858110952377319158e+00
1.045027917623519986e+00
1.092236864566803023e+00
1.063794317245483434e+01
1.092984807491302446e+00
1.091269981861114458e+00
1.063794317245483434e+01
1.088199591636657804e+00
1.008609998226165816e+00
5.918069732189178644e+00
9.670857381820678000e+00
1.082581150531768843e+00
1.085934078693389981e+00
1.005803775787353471e+00
1.090754294395446689e+00
9.936261892318725142e-01
1.100147962570190430e+00
9.796445608139038308e-01
9.940777897834778276e-01
5.480152535438537420e+00
6.813184189796447576e+00
1.064863163232803389e+00
6.447238254547118963e+00
1.061830848455429077e+00
7.253143072128295898e+00
9.349162101745605025e-01
1.089457356929778964e+00
1.096059441566467285e+00
1.085535073280334384e+00
8.381409835815428977e+00
1.033322733640670732e+00
1.072001302242278964e+00
8.328315794467926469e-01
8.878472983837127908e-01
1.093706691265106112e+00
9.471342682838439497e-01
1.093357896804809659e+00
9.834469199180603249e-01
9.891103029251098189e-01
4.835428762435912908e+00
8.937996745109557661e-01
1.093855237960815519e+00
1.087832379341125533e+00
1.089485514163970992e+00
1.044845616817474454e+00
1.192739095687866246e+01
1.093822580575942949e+00
1.157206630706787198e+00
1.071849793195724487e+00
1.097673463821411177e+00
5.928840661048889515e+00
1.192739095687866246e+01
1.097625255584716797e+00
1.122077834606170610e+00
8.864952611923218484e+00
1.063794317245483434e+01
1.087459993362426713e+00
1.079912405014038157e+01
5.988561153411865234e+00
1.093485403060913130e+00
9.985986948013305664e-01
1.094741487503051669e+00
1.020371234416961759e+00
1.036577284336090088e+00
1.093537044525146440e+00
8.734324514865875466e-01
8.369610905647277832e-01
1.062352645397186324e+00
1.097086870670318515e+00
9.670857381820678000e+00
1.063794317245483434e+01
1.192093037616359652e-07
1.098253738880157426e+00
1.128266835212713204e+00
1.080121195316314786e+00
1.192093037616359652e-07
3.062438297271731447e+00
1.054084688425064087e+00
1.093244504928588823e+00
1.097384583950042680e+00
1.091467380523681641e+00
9.429949522018432617e-01
1.020161807537078857e+00
9.670857381820678000e+00
1.093252503871917636e+00
1.035653841495513872e+00
9.293173968791961226e-01
1.027098357677459717e+00
1.011517411470413297e+00
9.557169318199157937e-01
8.703771710395812988e+00
1.098247861862182706e+00
1.093921089172363192e+00
1.092056190967559903e+00
4.695299983024597168e+00
9.568441450595855935e-01
8.542590785026551004e+00
1.013111251592636153e+00
9.969963371753692849e-01
1.060629391670226962e+00
1.087323319911956743e+00
1.099960672855377242e+00
5.820330023765563965e+00
1.005450129508972168e+00
1.076576250791549727e+00
4.356866002082824707e+00
9.911218881607055664e-01
9.879643738269805464e-01
1.101682221889495938e+00
1.058810335397720293e+00
8.802850127220154253e-01
1.055062603950500444e+00
1.192739095687866246e+01
1.089887392520904497e+00
1.092394757270813033e+00
1.093072414398193359e+00
1.003562337160110562e+00
1.097732985019683749e+00
1.094735670089721724e+00
1.192093037616359652e-07
3.967860746383666815e+00
1.063794317245483434e+01
8.836710453033447266e-01
1.091512989997863725e+00
1.030955278873443515e+00
1.094623577594757036e+00
1.089066636562347368e+00
1.096478223800659180e+00
9.530532598495483620e-01
9.832038402557373047e+00
1.093724155426025302e+00
9.795976579189300537e-01
1.033196520805358842e+00
1.064095115661621183e+00
8.637921035289763960e-01
1.101556372642517045e+00
9.417602121829986572e-01
1.096913695335388184e+00
9.934415221214294434e-01
1.078014588356018155e+00
9.964500308036804421e-01
1.022132033109664828e+00
4.589522552490235441e+00
9.670857381820678000e+00
5.882598102092742920e+00
1.099235880374908492e+00
9.670857381820678000e+00
9.386093914508819580e-01
1.098013591766357377e+00
9.878813207149506059e-01
1.090944683551788419e+00
1.091708993911743253e+00
1.192093037616359652e-07
1.096065413951873735e+00
1.097679162025451571e+00
9.855922222137450950e-01
1.331996691226959184e+00
9.670857381820678000e+00
1.093573528528213545e+00
1.092814242839813321e+00
1.095014882087707475e+00
8.752390205860137717e-01
4.695857858657836559e+00
1.023742908239364535e+00
9.976538598537445512e-01
1.095660459995269731e+00
8.733414590358734575e-01
8.220228767395019176e+00
1.085717475414276212e+00
5.936141884326934459e+00
9.684038341045380083e-01
1.192093037616359652e-07
1.059494942426681519e+00
6.808673429489135565e+00
9.670857381820678000e+00
1.057382303476333663e+00
1.065384787321090654e+00
1.089254164695739657e+00
1.080591845512390181e+00
9.958037137985229492e-01
1.088290351629257247e+00
1.037393116950988681e+00
1.091114962100982577e+00
9.423387587070465310e-01
9.243673503398894820e-01
1.095704174041748136e+00
1.093378686904907138e+00
8.656658649444579634e-01
8.616518855094910112e-01
1.079164302349090665e+00
8.122017383575439453e-01
9.521654665470122847e-01
9.976292908191680686e-01
1.093605625629425093e+00
1.095636701583862394e+00
5.864326480031013311e+00
6.626181888580322088e+00
1.063794317245483434e+01
1.065843379497528165e+00
9.670857381820678000e+00
1.063794317245483434e+01
1.097841036319732622e+00
1.087447118759155229e+00
1.007619893550872892e+00
6.856809020042419434e+00
8.974965751171112283e-01
1.026786988973617643e+00
1.096802949905395508e+00
1.099880027770996138e+00
1.092465448379516646e+00
9.634089589118957075e-01
1.092285037040710449e+00
6.869973111152648748e+00
1.192093037616359652e-07
6.816372990608215332e+00
1.006685143709182828e+00
1.086258208751678556e+00
1.192739095687866246e+01
1.083528989553451449e+00
9.812595605850219505e-01
1.075792181491851851e+00
1.094275259971618564e+00
5.893278694152831676e+00
1.088349264860153154e+00
4.029523968696594238e+00
1.096227562427520841e+00
1.031140500307083041e+00
4.996609735488891424e+00
1.085593092441558882e+00
4.996609795093537087e+00
9.640630900859832320e-01
1.095352447032928556e+00
1.085762655735015958e+00
9.913080751895904097e-01
1.192739095687866246e+01
1.090366828441619917e+00
1.094263195991516113e+00
9.609051644802093506e-01
9.670857381820678000e+00
8.938794076442718728e-01
9.678630232810974121e-01
5.802514505386352717e+00
9.326529622077941450e-01
1.094650769233703524e+00
3.223620414734000295e-01
1.016333669424057007e+00
1.013831704854965210e+00
9.316048681735992210e-01
4.455049395561218262e+00
1.051848214864730791e+00
1.063794317245483434e+01
1.095296049118041903e+00
1.192093037616359652e-07
1.095863628387451216e+00
8.218940705060958640e-01
1.098554110527038663e+00
1.088547849655151278e+00
8.496632933616637962e-01
1.080683469772338867e+00
1.012396746873855502e+00
1.095077943801879838e+00
1.034990739822387651e+00
1.063794317245483434e+01
1.015440027713775706e+01
1.094549155235290616e+00
1.072262215614318892e+00
8.861576616764068604e-01
9.428959965705872026e-01
1.095788848400115922e+00
9.670857381820678000e+00
4.583161354064941406e+00
9.053254187107085960e-01
1.049558508396148726e+00
1.192739095687866246e+01
1.033398139476776167e+00
9.670857381820678000e+00
6.637292164564132513e+00
1.092759144306182817e+00
1.092295515537262007e+00
1.084841978549957231e+00
1.023015785217285201e+00
1.109508407115936235e+00
1.035766768455505416e+00
1.025967866182327271e+00
1.090615916252136275e+00
1.094671165943145841e+00
1.079893243312835649e+00
1.094108712673187211e+00
1.039213335514068692e+00
9.829112172126770464e-01
8.542590761184692738e+00
8.444440782070159468e-01
4.693419861793517889e+00
9.670857381820678000e+00
1.087983667850494385e+00
1.013384062051773116e+00
1.095677733421325684e+00
1.096239495277404830e+00
1.090195512771606534e+00
1.192739095687866246e+01
1.100024223327636719e+00
1.192093037616359652e-07
1.090294450521469116e+00
1.093676853179931685e+00
9.054400444030761275e-01
1.090448462963104159e+00
1.063794317245483434e+01
5.340663820505142212e+00
1.082918792963027954e+00
9.905177772045135054e-01
4.187919807434082209e+00
1.063794317245483434e+01
1.092508578300475985e+00
9.490085184574127419e-01
9.162178456783294234e-01
1.093207859992980868e+00
1.069506639242172152e+00
1.092078101634979204e+00
1.192739095687866246e+01
1.034028309583663985e+00
1.192739095687866246e+01
1.093536841869354292e+00
4.678041958808899281e+00
5.924736297130584362e+00
1.571241927146911577e+00
1.091932344436645552e+00
1.031204915046691983e+00
1.192093037616359652e-07
8.896374821662902388e-01
9.670857381820678000e+00
1.192739095687866246e+01
8.199372410774230513e-01
1.003062337636947632e+00
1.094973731040954634e+00
1.089321047067642212e+00
9.280729353427886741e-01
1.090009355545043856e+00
1.095891964435577348e+00
5.928776395320892512e+00
1.083914995193481445e+00
1.098453557491302579e+00
1.092574334144592374e+00
1.031558132171630859e+01
9.770408987998961958e-01
6.840901732444763184e+00
5.803682196140289129e+00
1.087612193822860673e+00
1.051794910430908114e+00
1.043001246452331499e+00
1.019949913024902344e+00
9.347170531749725564e-01
1.100547599792480513e+00
1.015440034866333008e+01
9.956062734127044678e-01
5.923494446277618231e+00
9.287718594074249046e-01
1.047065603733062789e+00
5.867020535469054998e+00
6.850378465652465998e+00
8.618140161037445290e-01
1.192739095687866246e+01
1.093822741508483798e+00
8.059049129486168805e-01
1.023267906904220537e+00
1.093828547000885054e+00
1.092408919334411532e+00
9.863857567310333474e-01
8.864952707290649769e+00
9.743071854114532249e-01
8.993595063686370406e-01
1.095512282848358110e+00
1.004777538776397749e+00
1.090021574497222812e+00
4.641028237342834650e+00
9.370811581611633301e-01
1.093858158588409513e+00
1.044037038087844760e+00
1.098498296737670854e+00
1.051610749959945634e+00
1.095557534694671542e+00
1.066240739822387651e+00
1.192739095687866246e+01
1.061112302541732832e+00
9.159160792827606423e-01
1.096389317512512118e+00
1.000836235284805253e+00
8.733320951461791548e-01
1.089940476417541548e+00
9.449473321437835693e-01
1.027276039123535156e+00
1.094593381881713956e+00
1.034038138389587358e+00
2.740076375007631793e+00
9.076781153678894487e-01
6.833371353149414240e+00
8.059047913551330211e+00
1.086769866943359419e+00
1.103024649620056197e+00
1.098246550559997647e+00
4.005787768959999440e+00
4.538750255107879994e+00
1.072193038463592485e+00
5.705440330505370916e+00
1.083247983455657870e+00
1.063794317245483434e+01
1.095355796813964888e+00
1.089364439249038696e+00
5.520971751213073375e+00
1.095121634006500200e+00
1.051020365953445390e+00
1.001267814636230380e+00
8.768445968627929243e-01
1.092778694629669145e+00
1.080480104684829801e+00
4.508214616775513051e+00
9.988156318664550559e-01
9.559494614601135032e-01
1.097536313533783003e+00
4.835428774356842929e+00
5.742222708463669001e+00
6.286057353019714355e+00
1.037484121322631792e+00
4.520103120803833363e+00
9.508246421813965066e-01
1.089410233497619673e+00
1.097812438011169345e+00
1.192093037616359652e-07
1.028026372194290161e+00
1.062683606147766024e+00
1.074493074417114169e+00
1.103522777557373047e+00
5.919887894392013905e+00
1.092990779876708896e+00
5.911475437879562200e+00
1.091830146312713579e+00
6.859726667404174805e+00
1.013760715723037720e+00
8.793425559997558594e-01
9.705335199832916260e-01
1.028316849470138461e+00
9.756953597068787065e-01
1.009449499845504805e+00
1.097022688388824552e+00
1.093947601318359331e+00
1.192093037616359652e-07
1.058842808008193970e+00
1.091911303997039839e+00
9.650494754314422607e-01
1.093805098533630282e+00
6.854244637489318670e+00
8.717377245426177756e-01
9.543424963951110396e-01
1.033657091856002852e+00
1.097356808185577348e+00
1.063794317245483434e+01
1.004546403884887695e+00
9.608038067817687988e-01
1.047545897960662886e+00
9.639718651771544966e-01
1.091629683971405029e+00
1.031467276811599776e+00
1.192093037616359652e-07
4.835428738594055531e+00
1.094011008739471436e+00
1.081876146793365523e+00
1.128266716003417969e+01
1.099442052841186568e+00
1.078066718578338579e+00
8.743443906307220015e-01
1.105689978599548429e+00
6.859215831756591442e+00
1.025130009651184171e+00
8.857987165451050027e-01
1.098267924785613969e+00
1.033961689472198575e+00
1.094546687602996782e+00
1.095096611976623446e+00
1.063761818408966109e+00
9.670857381820678000e+00
1.096024608612060636e+00
1.066141873598098755e+00
1.095938456058502153e+00
1.089869248867034957e+00
5.855014136433601024e+00
1.094524765014648349e+00
2.140921783447265803e+00
1.035576587915420621e+00
1.095101428031921342e+00
1.020568615198135465e+00
1.075822365283966020e+00
8.996408045291900413e-01
9.638187229633331521e-01
9.444573462009430154e-01
5.887730097770690563e+00
9.670857381820678000e+00
1.018899470567703247e+00
1.095827496051788419e+00
5.257314258813858387e+00
1.104299271106719882e+00
1.067337960004806519e+00
1.101257908344268843e+00
1.050251203775405928e+00
1.095325589179992676e+00
4.647444939613341930e+00
